Symbol,Date,Open,High,Low,Close,Volume
ELECTHERM,2007-08-20 00:00:00+05:30,544.9,544.9,466.0,484.0,105443
ELECTHERM,2007-08-21 00:00:00+05:30,483.0,489.95,465.0,468.3,4401
ELECTHERM,2007-08-22 00:00:00+05:30,482.0,487.0,445.0,472.45,586
ELECTHERM,2007-08-23 00:00:00+05:30,487.9,487.9,450.1,452.15,1196
ELECTHERM,2007-08-24 00:00:00+05:30,475.0,498.0,467.0,474.75,5296
ELECTHERM,2007-08-27 00:00:00+05:30,484.0,499.0,484.0,490.7,2414
ELECTHERM,2007-08-28 00:00:00+05:30,497.0,503.95,485.0,488.25,1105
ELECTHERM,2007-08-29 00:00:00+05:30,489.85,495.0,483.0,487.4,905
ELECTHERM,2007-08-30 00:00:00+05:30,493.0,527.0,489.0,501.65,6542
ELECTHERM,2007-08-31 00:00:00+05:30,520.0,535.0,508.1,513.55,6002
ELECTHERM,2007-09-03 00:00:00+05:30,533.0,533.0,500.0,503.3,3142
ELECTHERM,2007-09-04 00:00:00+05:30,432.05,513.0,432.05,506.35,3921
ELECTHERM,2007-09-05 00:00:00+05:30,521.0,521.0,495.0,495.0,4034
ELECTHERM,2007-09-06 00:00:00+05:30,503.0,518.5,500.0,515.55,2101
ELECTHERM,2007-09-07 00:00:00+05:30,538.0,538.0,506.0,506.5,1235
ELECTHERM,2007-09-10 00:00:00+05:30,503.0,520.0,503.0,517.55,1829
ELECTHERM,2007-09-11 00:00:00+05:30,524.0,528.0,507.0,508.2,1571
ELECTHERM,2007-09-12 00:00:00+05:30,515.0,524.95,510.0,516.65,2116
ELECTHERM,2007-09-13 00:00:00+05:30,510.0,519.0,501.55,505.0,4321
ELECTHERM,2007-09-14 00:00:00+05:30,450.0,505.0,450.0,500.5,3557
ELECTHERM,2007-09-17 00:00:00+05:30,508.0,508.0,496.0,500.0,973
ELECTHERM,2007-09-18 00:00:00+05:30,505.0,505.0,496.05,501.4,1225
ELECTHERM,2007-09-19 00:00:00+05:30,513.0,513.0,495.0,500.8,3372
ELECTHERM,2007-09-20 00:00:00+05:30,505.0,517.95,498.1,505.3,8435
ELECTHERM,2007-09-21 00:00:00+05:30,510.0,510.0,490.0,498.7,4266
ELECTHERM,2007-09-24 00:00:00+05:30,506.0,506.0,495.0,503.3,1235
ELECTHERM,2007-09-25 00:00:00+05:30,503.0,505.0,492.0,504.2,1096
ELECTHERM,2007-09-26 00:00:00+05:30,500.0,505.0,470.0,474.1,11485
ELECTHERM,2007-09-27 00:00:00+05:30,513.0,513.0,475.1,491.15,5861
ELECTHERM,2007-09-28 00:00:00+05:30,508.0,508.0,487.0,489.7,1973
ELECTHERM,2007-10-01 00:00:00+05:30,493.0,499.0,490.25,494.1,3178
ELECTHERM,2007-10-03 00:00:00+05:30,495.0,498.85,479.0,481.85,3077
ELECTHERM,2007-10-04 00:00:00+05:30,477.1,490.0,477.0,484.25,1655
ELECTHERM,2007-10-05 00:00:00+05:30,480.0,488.95,451.0,482.75,3152
ELECTHERM,2007-10-08 00:00:00+05:30,488.5,490.0,465.0,466.1,2844
ELECTHERM,2007-10-09 00:00:00+05:30,469.95,492.0,466.5,489.95,5130
ELECTHERM,2007-10-10 00:00:00+05:30,490.0,491.0,480.0,486.55,3793
ELECTHERM,2007-10-11 00:00:00+05:30,485.1,527.0,470.6,512.75,9076
ELECTHERM,2007-10-12 00:00:00+05:30,525.0,569.0,518.0,554.05,19566
ELECTHERM,2007-10-15 00:00:00+05:30,559.9,599.75,559.9,590.85,24207
ELECTHERM,2007-10-16 00:00:00+05:30,600.0,610.0,570.0,577.75,7290
ELECTHERM,2007-10-17 00:00:00+05:30,530.0,575.0,530.0,552.15,2838
ELECTHERM,2007-10-18 00:00:00+05:30,555.0,585.0,555.0,563.35,5229
ELECTHERM,2007-10-19 00:00:00+05:30,524.0,565.0,515.0,539.75,7374
ELECTHERM,2007-10-22 00:00:00+05:30,531.0,575.0,531.0,568.35,5115
ELECTHERM,2007-10-23 00:00:00+05:30,575.0,615.0,575.0,592.65,9597
ELECTHERM,2007-10-24 00:00:00+05:30,604.0,606.0,575.5,600.2,5025
ELECTHERM,2007-10-25 00:00:00+05:30,592.0,608.0,570.0,604.3,6151
ELECTHERM,2007-10-26 00:00:00+05:30,613.45,613.45,590.0,598.0,5069
ELECTHERM,2007-10-29 00:00:00+05:30,614.9,640.0,506.65,598.45,12347
ELECTHERM,2007-10-30 00:00:00+05:30,600.1,620.55,571.15,578.85,5160
ELECTHERM,2007-10-31 00:00:00+05:30,590.6,600.0,565.5,569.8,5165
ELECTHERM,2007-11-01 00:00:00+05:30,583.0,609.0,532.95,587.1,24305
ELECTHERM,2007-11-02 00:00:00+05:30,584.9,598.0,570.5,590.05,5236
ELECTHERM,2007-11-05 00:00:00+05:30,590.05,614.95,576.0,592.3,11841
ELECTHERM,2007-11-06 00:00:00+05:30,603.95,618.2,590.25,595.55,25068
ELECTHERM,2007-11-07 00:00:00+05:30,590.55,617.0,583.35,590.25,3415
ELECTHERM,2007-11-08 00:00:00+05:30,588.95,596.0,575.0,588.0,9237
ELECTHERM,2007-11-09 00:00:00+05:30,630.0,630.0,590.0,603.55,5222
ELECTHERM,2007-11-12 00:00:00+05:30,587.2,588.7,570.0,580.75,8430
ELECTHERM,2007-11-13 00:00:00+05:30,593.0,598.95,580.05,595.0,5548
ELECTHERM,2007-11-14 00:00:00+05:30,610.0,618.0,593.0,594.8,5398
ELECTHERM,2007-11-15 00:00:00+05:30,502.65,604.8,502.65,571.85,11345
ELECTHERM,2007-11-16 00:00:00+05:30,561.0,599.9,561.0,592.3,7750
ELECTHERM,2007-11-19 00:00:00+05:30,605.0,605.0,590.55,598.25,2441
ELECTHERM,2007-11-20 00:00:00+05:30,598.5,600.0,585.0,586.1,2673
ELECTHERM,2007-11-21 00:00:00+05:30,585.5,585.5,561.0,566.1,3751
ELECTHERM,2007-11-22 00:00:00+05:30,565.0,578.35,552.0,556.85,6118
ELECTHERM,2007-11-23 00:00:00+05:30,564.5,583.0,561.0,570.2,315
ELECTHERM,2007-11-26 00:00:00+05:30,579.9,579.9,561.0,563.0,809
ELECTHERM,2007-11-27 00:00:00+05:30,579.0,579.5,548.0,558.85,1191
ELECTHERM,2007-11-28 00:00:00+05:30,557.0,567.0,540.2,550.05,1372
ELECTHERM,2007-11-29 00:00:00+05:30,563.0,563.0,533.5,535.75,3011
ELECTHERM,2007-11-30 00:00:00+05:30,535.75,555.0,532.1,535.1,1107
ELECTHERM,2007-12-03 00:00:00+05:30,535.3,558.0,535.0,536.25,6787
ELECTHERM,2007-12-04 00:00:00+05:30,539.5,548.0,531.25,532.0,7378
ELECTHERM,2007-12-05 00:00:00+05:30,548.0,551.0,541.0,543.75,5638
ELECTHERM,2007-12-06 00:00:00+05:30,545.0,550.0,535.15,542.3,11876
ELECTHERM,2007-12-07 00:00:00+05:30,550.0,550.0,525.0,528.9,4614
ELECTHERM,2007-12-10 00:00:00+05:30,530.0,546.85,529.1,537.45,5375
ELECTHERM,2007-12-11 00:00:00+05:30,545.0,545.0,535.0,538.65,2167
ELECTHERM,2007-12-12 00:00:00+05:30,535.0,549.5,530.0,542.7,1694
ELECTHERM,2007-12-13 00:00:00+05:30,546.1,564.9,540.0,546.6,2019
ELECTHERM,2007-12-14 00:00:00+05:30,539.0,548.9,535.25,541.3,2255
ELECTHERM,2007-12-17 00:00:00+05:30,554.4,554.4,528.0,539.5,2327
ELECTHERM,2007-12-18 00:00:00+05:30,530.0,539.35,460.0,512.7,2652
ELECTHERM,2007-12-19 00:00:00+05:30,511.0,533.3,511.0,524.85,2861
ELECTHERM,2007-12-20 00:00:00+05:30,516.5,525.7,500.0,513.7,3956
ELECTHERM,2007-12-24 00:00:00+05:30,520.05,536.9,520.05,524.65,2072
ELECTHERM,2007-12-26 00:00:00+05:30,524.65,532.9,520.0,528.6,1876
ELECTHERM,2007-12-27 00:00:00+05:30,515.5,533.0,515.5,524.3,1167
ELECTHERM,2007-12-28 00:00:00+05:30,519.05,540.0,519.05,535.35,2004
ELECTHERM,2007-12-31 00:00:00+05:30,530.0,550.0,529.15,531.4,9300
ELECTHERM,2008-01-01 00:00:00+05:30,532.0,605.0,532.0,587.8,8395
ELECTHERM,2008-01-02 00:00:00+05:30,599.0,644.0,585.05,600.3,11156
ELECTHERM,2008-01-03 00:00:00+05:30,600.0,614.0,580.0,582.2,2548
ELECTHERM,2008-01-04 00:00:00+05:30,590.0,595.0,500.0,572.35,9595
ELECTHERM,2008-01-07 00:00:00+05:30,574.4,575.0,520.0,555.2,2200
ELECTHERM,2008-01-08 00:00:00+05:30,538.2,554.9,533.0,540.0,2320
ELECTHERM,2008-01-09 00:00:00+05:30,540.0,555.0,535.05,541.95,2944
ELECTHERM,2008-01-10 00:00:00+05:30,544.0,611.0,540.0,554.4,34954
ELECTHERM,2008-01-11 00:00:00+05:30,569.4,572.9,548.0,569.0,6990
ELECTHERM,2008-01-14 00:00:00+05:30,575.0,575.0,549.0,554.9,2497
ELECTHERM,2008-01-15 00:00:00+05:30,561.0,564.4,531.05,537.25,1742
ELECTHERM,2008-01-16 00:00:00+05:30,551.0,568.3,500.6,527.5,8798
ELECTHERM,2008-01-17 00:00:00+05:30,525.0,543.65,492.0,503.2,9681
ELECTHERM,2008-01-18 00:00:00+05:30,503.9,509.45,475.0,482.3,5831
ELECTHERM,2008-01-21 00:00:00+05:30,462.0,490.0,406.0,427.7,5722
ELECTHERM,2008-01-22 00:00:00+05:30,344.1,490.0,344.1,399.2,2091
ELECTHERM,2008-01-23 00:00:00+05:30,416.0,474.9,389.95,450.55,8496
ELECTHERM,2008-01-24 00:00:00+05:30,460.0,460.0,401.0,406.7,2862
ELECTHERM,2008-01-25 00:00:00+05:30,449.0,450.0,416.0,447.7,1414
ELECTHERM,2008-01-28 00:00:00+05:30,448.0,464.85,418.0,435.45,7077
ELECTHERM,2008-01-29 00:00:00+05:30,460.0,479.0,451.0,464.4,1854
ELECTHERM,2008-01-30 00:00:00+05:30,465.9,485.0,438.0,448.45,5057
ELECTHERM,2008-01-31 00:00:00+05:30,465.0,476.0,460.0,463.3,2065
ELECTHERM,2008-02-01 00:00:00+05:30,470.0,470.0,430.0,453.2,1262
ELECTHERM,2008-02-04 00:00:00+05:30,534.0,535.0,477.0,482.15,4034
ELECTHERM,2008-02-05 00:00:00+05:30,477.65,497.0,477.6,491.7,1982
ELECTHERM,2008-02-06 00:00:00+05:30,463.05,485.0,455.0,480.6,2908
ELECTHERM,2008-02-07 00:00:00+05:30,479.0,487.3,460.0,465.9,2592
ELECTHERM,2008-02-08 00:00:00+05:30,460.0,474.0,437.0,445.1,2838
ELECTHERM,2008-02-11 00:00:00+05:30,450.0,455.0,401.15,410.65,3366
ELECTHERM,2008-02-12 00:00:00+05:30,403.05,425.0,391.0,404.35,3217
ELECTHERM,2008-02-13 00:00:00+05:30,434.0,434.0,393.15,400.75,6897
ELECTHERM,2008-02-14 00:00:00+05:30,439.0,474.0,436.0,463.35,3287
ELECTHERM,2008-02-15 00:00:00+05:30,434.05,478.0,434.05,473.55,1591
ELECTHERM,2008-02-18 00:00:00+05:30,480.5,480.5,460.0,471.0,5913
ELECTHERM,2008-02-19 00:00:00+05:30,480.0,480.0,466.4,474.9,2746
ELECTHERM,2008-02-20 00:00:00+05:30,472.2,472.2,460.0,465.0,854
ELECTHERM,2008-02-21 00:00:00+05:30,465.0,480.0,445.6,465.4,1774
ELECTHERM,2008-02-22 00:00:00+05:30,465.9,489.5,452.1,471.6,3190
ELECTHERM,2008-02-25 00:00:00+05:30,454.05,468.95,410.55,444.45,5610
ELECTHERM,2008-02-26 00:00:00+05:30,449.95,450.0,442.5,446.85,6118
ELECTHERM,2008-02-27 00:00:00+05:30,450.0,459.8,444.0,450.0,6968
ELECTHERM,2008-02-28 00:00:00+05:30,444.0,470.0,437.25,444.0,6924
ELECTHERM,2008-02-29 00:00:00+05:30,451.0,453.0,438.1,449.2,689
ELECTHERM,2008-03-03 00:00:00+05:30,422.2,441.8,418.0,422.75,6593
ELECTHERM,2008-03-04 00:00:00+05:30,425.0,429.9,414.0,416.9,967
ELECTHERM,2008-03-05 00:00:00+05:30,414.0,414.0,385.0,404.0,2227
ELECTHERM,2008-03-07 00:00:00+05:30,404.0,404.0,380.0,400.0,6088
ELECTHERM,2008-03-10 00:00:00+05:30,404.0,404.0,380.0,391.05,1578
ELECTHERM,2008-03-11 00:00:00+05:30,360.0,430.0,360.0,421.85,6897
ELECTHERM,2008-03-12 00:00:00+05:30,428.0,433.95,395.0,407.95,2179
ELECTHERM,2008-03-13 00:00:00+05:30,400.0,402.0,385.1,386.55,748
ELECTHERM,2008-03-14 00:00:00+05:30,380.0,395.6,372.6,386.4,1621
ELECTHERM,2008-03-17 00:00:00+05:30,370.0,384.6,351.15,367.65,8165
ELECTHERM,2008-03-18 00:00:00+05:30,360.0,372.75,330.0,337.25,6647
ELECTHERM,2008-03-19 00:00:00+05:30,354.0,354.0,316.1,326.35,8233
ELECTHERM,2008-03-24 00:00:00+05:30,329.1,384.0,310.25,348.75,3733
ELECTHERM,2008-03-25 00:00:00+05:30,364.8,410.0,350.0,403.75,4158
ELECTHERM,2008-03-26 00:00:00+05:30,434.0,434.0,384.0,424.8,6908
ELECTHERM,2008-03-27 00:00:00+05:30,409.0,449.9,405.0,427.25,11709
ELECTHERM,2008-03-28 00:00:00+05:30,422.5,505.0,422.2,482.9,6988
ELECTHERM,2008-03-31 00:00:00+05:30,475.0,499.8,442.0,456.9,3755
ELECTHERM,2008-04-01 00:00:00+05:30,450.0,455.0,422.5,428.9,1655
ELECTHERM,2008-04-02 00:00:00+05:30,440.0,449.5,428.05,434.55,726
ELECTHERM,2008-04-03 00:00:00+05:30,450.0,459.7,410.0,423.8,1569
ELECTHERM,2008-04-04 00:00:00+05:30,408.25,422.15,400.0,407.55,486
ELECTHERM,2008-04-07 00:00:00+05:30,411.0,430.0,402.65,422.05,1225
ELECTHERM,2008-04-08 00:00:00+05:30,427.0,440.0,425.0,433.35,719
ELECTHERM,2008-04-09 00:00:00+05:30,417.0,435.0,417.0,429.8,1350
ELECTHERM,2008-04-10 00:00:00+05:30,431.0,438.0,426.0,430.2,296
ELECTHERM,2008-04-11 00:00:00+05:30,431.0,431.0,415.65,428.55,1164
ELECTHERM,2008-04-15 00:00:00+05:30,421.0,428.75,420.35,427.9,3409
ELECTHERM,2008-04-16 00:00:00+05:30,433.75,433.75,419.0,422.15,3125
ELECTHERM,2008-04-17 00:00:00+05:30,425.0,445.9,422.0,438.0,1003
ELECTHERM,2008-04-21 00:00:00+05:30,440.9,447.8,438.25,446.25,273
ELECTHERM,2008-04-22 00:00:00+05:30,440.0,450.0,440.0,446.0,455
ELECTHERM,2008-04-23 00:00:00+05:30,451.0,468.0,443.35,457.05,4018
ELECTHERM,2008-04-24 00:00:00+05:30,443.0,452.75,443.0,450.55,399
ELECTHERM,2008-04-25 00:00:00+05:30,440.1,445.9,440.0,441.0,208
ELECTHERM,2008-04-28 00:00:00+05:30,435.5,440.0,435.15,437.45,35
ELECTHERM,2008-04-29 00:00:00+05:30,431.1,449.0,425.0,434.75,1789
ELECTHERM,2008-04-30 00:00:00+05:30,445.0,445.0,426.0,426.5,236
ELECTHERM,2008-05-02 00:00:00+05:30,430.75,449.9,430.75,442.8,641
ELECTHERM,2008-05-05 00:00:00+05:30,435.0,457.0,430.0,440.7,944
ELECTHERM,2008-05-06 00:00:00+05:30,448.9,459.95,444.15,451.2,1928
ELECTHERM,2008-05-07 00:00:00+05:30,450.0,455.0,445.3,449.85,333
ELECTHERM,2008-05-08 00:00:00+05:30,435.0,452.8,435.0,450.5,2552
ELECTHERM,2008-05-09 00:00:00+05:30,450.5,450.5,416.0,419.35,2421
ELECTHERM,2008-05-12 00:00:00+05:30,428.5,431.85,392.2,417.0,4202
ELECTHERM,2008-05-13 00:00:00+05:30,415.0,424.95,400.0,403.5,1713
ELECTHERM,2008-05-14 00:00:00+05:30,424.85,424.85,400.0,402.5,1072
ELECTHERM,2008-05-15 00:00:00+05:30,403.0,423.8,403.0,419.05,1166
ELECTHERM,2008-05-16 00:00:00+05:30,413.0,449.0,413.0,437.25,3123
ELECTHERM,2008-05-20 00:00:00+05:30,429.0,440.15,429.0,432.75,419
ELECTHERM,2008-05-21 00:00:00+05:30,430.0,435.0,418.55,424.55,1301
ELECTHERM,2008-05-22 00:00:00+05:30,425.0,454.95,424.9,435.15,5268
ELECTHERM,2008-05-23 00:00:00+05:30,422.1,441.3,416.3,420.05,557
ELECTHERM,2008-05-26 00:00:00+05:30,410.0,429.95,400.0,415.55,3673
ELECTHERM,2008-05-27 00:00:00+05:30,413.0,418.95,406.0,408.25,935
ELECTHERM,2008-05-28 00:00:00+05:30,411.0,417.0,400.2,407.55,298
ELECTHERM,2008-05-29 00:00:00+05:30,410.0,414.0,396.1,400.65,311
ELECTHERM,2008-05-30 00:00:00+05:30,400.0,405.45,380.0,385.35,1622
ELECTHERM,2008-06-02 00:00:00+05:30,390.0,396.25,381.1,381.85,535
ELECTHERM,2008-06-03 00:00:00+05:30,381.85,399.8,360.0,379.15,839
ELECTHERM,2008-06-04 00:00:00+05:30,389.8,390.0,375.0,375.55,480
ELECTHERM,2008-06-05 00:00:00+05:30,375.55,390.0,375.55,384.0,987
ELECTHERM,2008-06-06 00:00:00+05:30,384.15,391.85,372.2,375.0,1050
ELECTHERM,2008-06-09 00:00:00+05:30,375.0,376.0,350.25,372.9,1309
ELECTHERM,2008-06-10 00:00:00+05:30,390.0,390.0,365.0,371.2,413
ELECTHERM,2008-06-11 00:00:00+05:30,372.0,373.95,366.05,366.35,580
ELECTHERM,2008-06-12 00:00:00+05:30,365.1,382.9,364.0,380.05,1783
ELECTHERM,2008-06-13 00:00:00+05:30,390.0,390.0,377.25,379.75,2132
ELECTHERM,2008-06-16 00:00:00+05:30,380.0,391.9,380.0,389.7,5679
ELECTHERM,2008-06-17 00:00:00+05:30,394.9,394.9,385.0,385.8,6245
ELECTHERM,2008-06-18 00:00:00+05:30,392.0,401.8,385.0,395.55,463
ELECTHERM,2008-06-19 00:00:00+05:30,384.0,384.0,372.0,375.35,821
ELECTHERM,2008-06-20 00:00:00+05:30,371.55,379.95,361.0,363.85,1681
ELECTHERM,2008-06-23 00:00:00+05:30,375.0,385.0,361.15,370.95,1993
ELECTHERM,2008-06-24 00:00:00+05:30,376.0,387.0,370.0,375.0,880
ELECTHERM,2008-06-25 00:00:00+05:30,367.0,380.0,358.2,375.0,1036
ELECTHERM,2008-06-26 00:00:00+05:30,370.2,389.8,361.2,373.35,244
ELECTHERM,2008-06-27 00:00:00+05:30,360.35,440.0,360.35,362.8,1324
ELECTHERM,2008-06-30 00:00:00+05:30,359.0,361.1,336.0,339.25,1079
ELECTHERM,2008-07-01 00:00:00+05:30,322.5,341.0,320.0,320.55,1123
ELECTHERM,2008-07-02 00:00:00+05:30,320.0,329.95,300.0,323.55,1955
ELECTHERM,2008-07-03 00:00:00+05:30,348.5,348.5,309.0,315.2,224
ELECTHERM,2008-07-04 00:00:00+05:30,315.2,324.95,305.0,314.9,426
ELECTHERM,2008-07-07 00:00:00+05:30,348.5,348.5,306.0,308.65,1006
ELECTHERM,2008-07-08 00:00:00+05:30,295.05,303.7,290.0,294.6,1225
ELECTHERM,2008-07-09 00:00:00+05:30,305.0,318.0,300.0,309.85,1711
ELECTHERM,2008-07-10 00:00:00+05:30,315.0,315.0,305.1,310.0,3635
ELECTHERM,2008-07-11 00:00:00+05:30,310.0,315.9,299.0,301.05,2044
ELECTHERM,2008-07-14 00:00:00+05:30,290.0,294.3,283.0,285.75,1461
ELECTHERM,2008-07-15 00:00:00+05:30,285.0,285.1,279.5,280.15,939
ELECTHERM,2008-07-16 00:00:00+05:30,300.0,300.0,281.0,282.0,124
ELECTHERM,2008-07-17 00:00:00+05:30,290.0,299.95,281.0,293.3,567
ELECTHERM,2008-07-18 00:00:00+05:30,320.0,320.0,295.0,296.0,559
ELECTHERM,2008-07-21 00:00:00+05:30,283.0,310.0,283.0,290.9,1170
ELECTHERM,2008-07-22 00:00:00+05:30,300.0,303.0,299.25,302.7,191
ELECTHERM,2008-07-23 00:00:00+05:30,305.1,327.0,300.0,327.0,4167
ELECTHERM,2008-07-24 00:00:00+05:30,343.0,343.0,325.0,325.65,1013
ELECTHERM,2008-07-25 00:00:00+05:30,316.0,335.0,315.0,325.25,934
ELECTHERM,2008-07-28 00:00:00+05:30,310.2,326.4,310.2,315.95,1183
ELECTHERM,2008-07-29 00:00:00+05:30,329.5,329.9,319.0,323.5,812
ELECTHERM,2008-07-30 00:00:00+05:30,320.1,328.4,320.0,327.1,997
ELECTHERM,2008-07-31 00:00:00+05:30,318.6,320.0,301.0,320.0,139
ELECTHERM,2008-08-01 00:00:00+05:30,328.0,330.0,322.0,324.65,1693
ELECTHERM,2008-08-04 00:00:00+05:30,340.5,340.5,320.55,326.1,2719
ELECTHERM,2008-08-05 00:00:00+05:30,344.0,344.0,321.6,328.3,2109
ELECTHERM,2008-08-06 00:00:00+05:30,337.0,337.0,323.0,324.8,963
ELECTHERM,2008-08-07 00:00:00+05:30,347.9,347.9,310.0,320.75,767
ELECTHERM,2008-08-08 00:00:00+05:30,318.0,320.0,311.5,315.25,547
ELECTHERM,2008-08-11 00:00:00+05:30,319.25,326.0,318.25,320.1,412
ELECTHERM,2008-08-12 00:00:00+05:30,315.05,321.7,315.0,318.6,331
ELECTHERM,2008-08-13 00:00:00+05:30,318.6,328.0,312.0,318.1,581
ELECTHERM,2008-08-14 00:00:00+05:30,315.0,320.0,314.0,316.0,181
ELECTHERM,2008-08-18 00:00:00+05:30,326.0,330.0,310.0,315.2,1264
ELECTHERM,2008-08-19 00:00:00+05:30,310.0,318.6,306.0,309.5,356
ELECTHERM,2008-08-20 00:00:00+05:30,306.0,328.45,306.0,319.75,531
ELECTHERM,2008-08-21 00:00:00+05:30,317.0,318.05,310.1,316.1,703
ELECTHERM,2008-08-22 00:00:00+05:30,313.0,314.0,310.0,310.15,538
ELECTHERM,2008-08-25 00:00:00+05:30,307.0,311.0,306.05,307.1,272
ELECTHERM,2008-08-26 00:00:00+05:30,305.1,314.0,305.1,314.0,80
ELECTHERM,2008-08-27 00:00:00+05:30,309.95,315.0,301.0,314.7,976
ELECTHERM,2008-08-28 00:00:00+05:30,312.0,315.0,304.55,305.7,230
ELECTHERM,2008-08-29 00:00:00+05:30,305.0,315.95,305.0,306.3,234
ELECTHERM,2008-09-01 00:00:00+05:30,305.1,310.0,305.1,310.0,25
ELECTHERM,2008-09-02 00:00:00+05:30,305.3,322.0,305.3,320.3,374
ELECTHERM,2008-09-04 00:00:00+05:30,320.0,328.95,278.1,320.15,481
ELECTHERM,2008-09-05 00:00:00+05:30,307.25,314.9,305.0,314.9,438
ELECTHERM,2008-09-08 00:00:00+05:30,318.0,323.3,305.1,318.6,1188
ELECTHERM,2008-09-09 00:00:00+05:30,323.0,332.1,314.3,327.45,909
ELECTHERM,2008-09-10 00:00:00+05:30,360.0,360.0,315.0,316.05,7219
ELECTHERM,2008-09-11 00:00:00+05:30,324.7,324.8,311.0,314.85,409
ELECTHERM,2008-09-12 00:00:00+05:30,311.55,311.55,307.0,309.85,216
ELECTHERM,2008-09-15 00:00:00+05:30,295.0,355.0,279.05,300.85,471
ELECTHERM,2008-09-16 00:00:00+05:30,283.0,294.95,281.5,292.25,1038
ELECTHERM,2008-09-17 00:00:00+05:30,300.0,300.0,285.9,286.1,521
ELECTHERM,2008-09-18 00:00:00+05:30,275.0,296.9,271.3,282.2,369
ELECTHERM,2008-09-19 00:00:00+05:30,320.0,320.0,285.0,286.7,851
ELECTHERM,2008-09-22 00:00:00+05:30,286.0,286.0,275.0,280.0,1609
ELECTHERM,2008-09-23 00:00:00+05:30,267.0,283.0,267.0,273.6,1179
ELECTHERM,2008-09-24 00:00:00+05:30,273.0,288.0,273.0,283.6,38
ELECTHERM,2008-09-25 00:00:00+05:30,285.0,285.95,273.35,281.0,118
ELECTHERM,2008-09-26 00:00:00+05:30,272.4,279.9,272.0,279.9,449
ELECTHERM,2008-09-29 00:00:00+05:30,275.0,275.0,231.5,241.65,2573
ELECTHERM,2008-09-30 00:00:00+05:30,232.0,248.7,210.0,236.2,1820
ELECTHERM,2008-10-01 00:00:00+05:30,238.2,247.0,238.2,242.9,231
ELECTHERM,2008-10-03 00:00:00+05:30,232.05,243.05,224.0,238.15,763
ELECTHERM,2008-10-06 00:00:00+05:30,229.0,231.0,211.0,211.35,1990
ELECTHERM,2008-10-07 00:00:00+05:30,207.0,224.0,203.15,206.85,964
ELECTHERM,2008-10-08 00:00:00+05:30,198.0,199.7,167.0,168.55,4654
ELECTHERM,2008-10-10 00:00:00+05:30,142.5,172.75,141.0,163.5,1335
ELECTHERM,2008-10-13 00:00:00+05:30,170.0,185.0,160.1,173.65,1049
ELECTHERM,2008-10-14 00:00:00+05:30,172.0,187.0,172.0,177.35,644
ELECTHERM,2008-10-15 00:00:00+05:30,175.0,184.5,169.0,174.4,589
ELECTHERM,2008-10-16 00:00:00+05:30,165.0,165.0,154.0,158.9,322
ELECTHERM,2008-10-17 00:00:00+05:30,153.35,173.9,153.35,162.1,923
ELECTHERM,2008-10-20 00:00:00+05:30,155.05,166.9,144.0,150.35,301
ELECTHERM,2008-10-21 00:00:00+05:30,155.0,163.95,145.05,151.95,256
ELECTHERM,2008-10-22 00:00:00+05:30,158.0,158.0,141.0,149.7,3687
ELECTHERM,2008-10-23 00:00:00+05:30,142.0,148.95,135.1,137.65,1197
ELECTHERM,2008-10-24 00:00:00+05:30,144.95,150.0,135.0,138.0,2174
ELECTHERM,2008-10-27 00:00:00+05:30,149.0,149.0,110.5,120.25,1502
ELECTHERM,2008-10-28 00:00:00+05:30,131.0,140.0,120.0,136.05,839
ELECTHERM,2008-10-29 00:00:00+05:30,154.95,154.95,109.05,113.25,7232
ELECTHERM,2008-10-31 00:00:00+05:30,117.0,118.0,100.0,103.85,6048
ELECTHERM,2008-11-03 00:00:00+05:30,112.0,121.0,112.0,118.45,3868
ELECTHERM,2008-11-04 00:00:00+05:30,120.8,124.95,113.0,122.9,3495
ELECTHERM,2008-11-05 00:00:00+05:30,127.15,140.0,127.15,132.15,4303
ELECTHERM,2008-11-06 00:00:00+05:30,124.0,128.95,121.05,126.0,576
ELECTHERM,2008-11-07 00:00:00+05:30,120.05,128.0,118.2,125.65,900
ELECTHERM,2008-11-10 00:00:00+05:30,125.0,129.9,123.5,124.95,164
ELECTHERM,2008-11-11 00:00:00+05:30,119.0,138.9,119.0,132.0,2871
ELECTHERM,2008-11-12 00:00:00+05:30,121.0,134.9,121.0,126.85,775
ELECTHERM,2008-11-14 00:00:00+05:30,120.05,130.0,119.0,121.5,1108
ELECTHERM,2008-11-17 00:00:00+05:30,116.0,121.8,115.9,118.35,1280
ELECTHERM,2008-11-18 00:00:00+05:30,120.0,120.0,115.5,116.05,168
ELECTHERM,2008-11-19 00:00:00+05:30,116.05,120.0,114.5,115.75,240
ELECTHERM,2008-11-20 00:00:00+05:30,110.2,117.0,108.6,111.55,2504
ELECTHERM,2008-11-21 00:00:00+05:30,110.0,125.0,104.0,110.6,11677
ELECTHERM,2008-11-24 00:00:00+05:30,113.35,113.35,102.2,104.0,1051
ELECTHERM,2008-11-25 00:00:00+05:30,107.0,117.8,106.0,106.75,843
ELECTHERM,2008-11-26 00:00:00+05:30,108.9,108.9,93.1,94.8,3977
ELECTHERM,2008-11-28 00:00:00+05:30,95.8,95.8,86.5,88.05,4617
ELECTHERM,2008-12-01 00:00:00+05:30,89.2,90.05,85.5,85.65,2981
ELECTHERM,2008-12-02 00:00:00+05:30,85.0,89.0,78.0,82.05,1764
ELECTHERM,2008-12-03 00:00:00+05:30,80.0,82.1,77.0,81.8,2763
ELECTHERM,2008-12-04 00:00:00+05:30,80.05,91.95,80.05,90.0,1866
ELECTHERM,2008-12-05 00:00:00+05:30,94.5,103.1,83.15,85.2,15331
ELECTHERM,2008-12-08 00:00:00+05:30,93.0,93.0,87.0,89.0,2861
ELECTHERM,2008-12-10 00:00:00+05:30,80.0,97.0,80.0,95.15,1904
ELECTHERM,2008-12-11 00:00:00+05:30,91.0,103.0,91.0,96.1,18741
ELECTHERM,2008-12-12 00:00:00+05:30,89.5,97.8,88.9,95.4,1691
ELECTHERM,2008-12-15 00:00:00+05:30,100.0,109.9,97.0,107.15,3859
ELECTHERM,2008-12-16 00:00:00+05:30,107.25,114.95,105.0,110.35,3635
ELECTHERM,2008-12-17 00:00:00+05:30,123.0,123.0,109.7,111.3,4157
ELECTHERM,2008-12-18 00:00:00+05:30,113.85,113.85,103.0,112.15,973
ELECTHERM,2008-12-19 00:00:00+05:30,109.95,114.5,105.15,112.0,748
ELECTHERM,2008-12-22 00:00:00+05:30,109.1,119.0,109.1,113.0,869
ELECTHERM,2008-12-23 00:00:00+05:30,114.5,114.5,107.1,107.15,771
ELECTHERM,2008-12-24 00:00:00+05:30,107.0,110.5,102.1,104.5,587
ELECTHERM,2008-12-26 00:00:00+05:30,106.6,111.7,104.1,108.85,1391
ELECTHERM,2008-12-29 00:00:00+05:30,104.0,111.0,103.2,104.85,971
ELECTHERM,2008-12-30 00:00:00+05:30,109.3,125.85,109.0,125.85,4186
ELECTHERM,2008-12-31 00:00:00+05:30,138.0,147.7,131.15,134.75,22476
ELECTHERM,2009-01-01 00:00:00+05:30,135.0,150.0,133.25,147.25,9993
ELECTHERM,2009-01-02 00:00:00+05:30,145.0,147.0,135.2,135.9,8574
ELECTHERM,2009-01-05 00:00:00+05:30,141.75,141.75,133.0,135.8,2028
ELECTHERM,2009-01-06 00:00:00+05:30,130.25,134.45,129.25,130.2,4607
ELECTHERM,2009-01-07 00:00:00+05:30,129.0,135.5,117.5,117.5,1758
ELECTHERM,2009-01-09 00:00:00+05:30,110.0,118.95,107.55,115.2,1275
ELECTHERM,2009-01-12 00:00:00+05:30,110.0,112.75,109.0,110.65,825
ELECTHERM,2009-01-13 00:00:00+05:30,108.0,111.0,104.1,106.2,1161
ELECTHERM,2009-01-14 00:00:00+05:30,102.0,108.0,102.0,106.0,1518
ELECTHERM,2009-01-15 00:00:00+05:30,101.0,105.0,100.1,100.35,247
ELECTHERM,2009-01-16 00:00:00+05:30,96.0,108.0,96.0,104.45,827
ELECTHERM,2009-01-19 00:00:00+05:30,103.0,111.0,103.0,109.35,2034
ELECTHERM,2009-01-20 00:00:00+05:30,107.1,110.0,100.2,104.15,1598
ELECTHERM,2009-01-21 00:00:00+05:30,100.2,104.5,97.1,101.45,698
ELECTHERM,2009-01-22 00:00:00+05:30,99.1,104.0,99.0,100.85,1871
ELECTHERM,2009-01-23 00:00:00+05:30,100.85,102.0,98.25,100.35,1280
ELECTHERM,2009-01-27 00:00:00+05:30,105.0,105.0,96.0,96.15,1132
ELECTHERM,2009-01-28 00:00:00+05:30,92.0,95.95,91.5,92.1,1901
ELECTHERM,2009-01-29 00:00:00+05:30,94.5,94.5,85.0,86.15,3725
ELECTHERM,2009-01-30 00:00:00+05:30,81.6,94.8,81.6,92.85,1926
ELECTHERM,2009-02-02 00:00:00+05:30,94.0,99.45,92.2,95.6,1060
ELECTHERM,2009-02-03 00:00:00+05:30,92.0,93.0,90.1,90.6,1192
ELECTHERM,2009-02-04 00:00:00+05:30,91.0,94.0,88.25,88.3,292
ELECTHERM,2009-02-05 00:00:00+05:30,86.05,88.5,86.0,86.0,425
ELECTHERM,2009-02-06 00:00:00+05:30,91.8,93.9,86.5,89.1,897
ELECTHERM,2009-02-09 00:00:00+05:30,88.0,92.0,87.35,91.6,283
ELECTHERM,2009-02-10 00:00:00+05:30,87.05,94.85,87.05,90.65,4787
ELECTHERM,2009-02-11 00:00:00+05:30,86.15,95.0,86.15,92.9,229
ELECTHERM,2009-02-12 00:00:00+05:30,92.9,97.0,92.9,94.4,832
ELECTHERM,2009-02-13 00:00:00+05:30,97.2,101.9,94.9,99.95,11197
ELECTHERM,2009-02-16 00:00:00+05:30,97.0,103.0,92.5,94.15,1493
ELECTHERM,2009-02-17 00:00:00+05:30,92.0,94.0,89.0,90.25,1282
ELECTHERM,2009-02-18 00:00:00+05:30,86.25,91.4,86.25,88.9,344
ELECTHERM,2009-02-19 00:00:00+05:30,88.1,90.8,87.55,87.75,477
ELECTHERM,2009-02-20 00:00:00+05:30,87.5,88.9,84.0,88.0,4827
ELECTHERM,2009-02-24 00:00:00+05:30,87.0,89.0,84.0,87.45,402
ELECTHERM,2009-02-25 00:00:00+05:30,89.0,89.0,88.6,88.6,51
ELECTHERM,2009-02-26 00:00:00+05:30,85.25,88.95,84.0,87.85,188
ELECTHERM,2009-02-27 00:00:00+05:30,85.55,92.5,85.5,89.7,179
ELECTHERM,2009-03-02 00:00:00+05:30,93.5,93.5,85.0,86.55,933
ELECTHERM,2009-03-03 00:00:00+05:30,87.0,94.0,86.0,86.05,534
ELECTHERM,2009-03-04 00:00:00+05:30,86.0,87.0,84.1,85.1,1184
ELECTHERM,2009-03-05 00:00:00+05:30,83.5,83.5,83.0,83.0,636
ELECTHERM,2009-03-06 00:00:00+05:30,80.0,87.0,80.0,83.25,285
ELECTHERM,2009-03-09 00:00:00+05:30,82.5,83.0,82.5,83.0,150
ELECTHERM,2009-03-12 00:00:00+05:30,81.0,85.9,81.0,83.8,832
ELECTHERM,2009-03-13 00:00:00+05:30,90.0,90.0,80.1,83.45,805
ELECTHERM,2009-03-16 00:00:00+05:30,81.1,91.0,81.1,89.0,491
ELECTHERM,2009-03-17 00:00:00+05:30,85.0,91.0,85.0,91.0,396
ELECTHERM,2009-03-18 00:00:00+05:30,87.0,93.0,87.0,88.5,2191
ELECTHERM,2009-03-19 00:00:00+05:30,97.0,104.0,89.2,91.85,487
ELECTHERM,2009-03-20 00:00:00+05:30,90.5,92.0,90.5,91.9,323
ELECTHERM,2009-03-23 00:00:00+05:30,92.2,95.1,92.2,93.7,361
ELECTHERM,2009-03-24 00:00:00+05:30,92.05,96.5,92.05,95.0,4071
ELECTHERM,2009-03-25 00:00:00+05:30,95.0,97.0,90.05,96.95,391
ELECTHERM,2009-03-26 00:00:00+05:30,100.0,105.0,93.0,97.6,1306
ELECTHERM,2009-03-27 00:00:00+05:30,93.0,100.0,93.0,96.4,540
ELECTHERM,2009-03-30 00:00:00+05:30,96.6,101.0,96.5,96.65,336
ELECTHERM,2009-03-31 00:00:00+05:30,103.0,103.0,92.0,95.6,581
ELECTHERM,2009-04-01 00:00:00+05:30,93.0,103.8,92.5,100.8,1061
ELECTHERM,2009-04-02 00:00:00+05:30,103.8,106.95,102.1,103.3,1750
ELECTHERM,2009-04-06 00:00:00+05:30,104.0,109.9,104.0,107.85,154
ELECTHERM,2009-04-08 00:00:00+05:30,105.1,118.0,104.0,117.95,951
ELECTHERM,2009-04-09 00:00:00+05:30,112.0,122.0,110.65,118.15,2201
ELECTHERM,2009-04-13 00:00:00+05:30,120.0,141.8,120.0,141.8,5887
ELECTHERM,2009-04-15 00:00:00+05:30,144.5,148.9,139.0,140.6,7635
ELECTHERM,2009-04-16 00:00:00+05:30,146.0,146.0,126.55,127.85,2438
ELECTHERM,2009-04-17 00:00:00+05:30,121.0,130.0,118.5,121.05,16700
ELECTHERM,2009-04-20 00:00:00+05:30,118.05,132.8,118.05,129.6,10722
ELECTHERM,2009-04-21 00:00:00+05:30,125.0,138.0,120.0,135.25,1693
ELECTHERM,2009-04-22 00:00:00+05:30,142.0,142.0,131.35,132.95,1412
ELECTHERM,2009-04-23 00:00:00+05:30,130.0,136.9,127.0,133.9,452
ELECTHERM,2009-04-24 00:00:00+05:30,128.0,145.0,128.0,138.65,1624
ELECTHERM,2009-04-27 00:00:00+05:30,140.0,142.0,130.35,132.2,2756
ELECTHERM,2009-04-28 00:00:00+05:30,127.75,131.0,123.0,125.3,1297
ELECTHERM,2009-04-29 00:00:00+05:30,120.05,127.9,118.15,119.7,1063
ELECTHERM,2009-05-04 00:00:00+05:30,121.0,130.05,120.0,123.5,4738
ELECTHERM,2009-05-05 00:00:00+05:30,120.0,129.0,120.0,127.55,1642
ELECTHERM,2009-05-06 00:00:00+05:30,122.15,132.25,122.15,124.5,1246
ELECTHERM,2009-05-07 00:00:00+05:30,126.0,129.0,126.0,129.0,945
ELECTHERM,2009-05-08 00:00:00+05:30,126.25,131.0,126.0,129.9,650
ELECTHERM,2009-05-11 00:00:00+05:30,130.0,135.0,123.0,126.7,677
ELECTHERM,2009-05-12 00:00:00+05:30,131.0,136.95,122.05,126.05,11916
ELECTHERM,2009-05-13 00:00:00+05:30,125.0,132.95,125.0,128.1,318
ELECTHERM,2009-05-14 00:00:00+05:30,127.0,134.0,123.1,128.75,701
ELECTHERM,2009-05-15 00:00:00+05:30,135.0,149.0,135.0,143.1,14211
ELECTHERM,2009-05-18 00:00:00+05:30,135.0,149.0,135.0,143.1,0
ELECTHERM,2009-05-19 00:00:00+05:30,150.0,171.7,143.0,164.35,8208
ELECTHERM,2009-05-20 00:00:00+05:30,174.95,197.25,167.25,197.15,5940
ELECTHERM,2009-05-21 00:00:00+05:30,197.0,212.9,178.45,184.15,6732
ELECTHERM,2009-05-22 00:00:00+05:30,182.25,200.0,180.0,193.95,12660
ELECTHERM,2009-05-25 00:00:00+05:30,200.0,213.35,200.0,213.35,3198
ELECTHERM,2009-05-26 00:00:00+05:30,233.0,234.7,220.1,220.4,9992
ELECTHERM,2009-05-27 00:00:00+05:30,229.9,242.45,229.9,235.05,4271
ELECTHERM,2009-05-28 00:00:00+05:30,239.1,243.0,218.0,219.8,7210
ELECTHERM,2009-05-29 00:00:00+05:30,228.4,228.4,217.0,220.05,2585
ELECTHERM,2009-06-01 00:00:00+05:30,224.95,242.0,224.95,238.15,5646
ELECTHERM,2009-06-02 00:00:00+05:30,243.7,245.0,221.0,229.6,3347
ELECTHERM,2009-06-03 00:00:00+05:30,232.0,245.9,228.1,240.35,8619
ELECTHERM,2009-06-04 00:00:00+05:30,240.0,264.4,238.0,264.4,4737
ELECTHERM,2009-06-05 00:00:00+05:30,245.0,288.0,245.0,271.4,4514
ELECTHERM,2009-06-08 00:00:00+05:30,272.0,272.0,244.95,245.9,8614
ELECTHERM,2009-06-09 00:00:00+05:30,225.25,252.9,222.15,245.5,2547
ELECTHERM,2009-06-10 00:00:00+05:30,246.0,260.95,235.5,237.7,1375
ELECTHERM,2009-06-11 00:00:00+05:30,235.0,237.9,224.9,236.65,2344
ELECTHERM,2009-06-12 00:00:00+05:30,227.0,244.0,227.0,229.7,992
ELECTHERM,2009-06-15 00:00:00+05:30,227.0,227.0,206.75,207.15,6011
ELECTHERM,2009-06-16 00:00:00+05:30,207.95,227.9,195.0,227.05,5690
ELECTHERM,2009-06-17 00:00:00+05:30,225.0,244.4,211.0,215.9,8202
ELECTHERM,2009-06-18 00:00:00+05:30,220.0,220.0,198.0,202.65,4218
ELECTHERM,2009-06-19 00:00:00+05:30,210.0,214.0,192.0,198.05,5021
ELECTHERM,2009-06-22 00:00:00+05:30,208.9,208.9,197.1,197.2,751
ELECTHERM,2009-06-23 00:00:00+05:30,203.9,206.0,198.0,200.55,1805
ELECTHERM,2009-06-24 00:00:00+05:30,207.0,207.0,197.15,204.65,1041
ELECTHERM,2009-06-25 00:00:00+05:30,204.65,209.0,204.65,205.15,914
ELECTHERM,2009-06-26 00:00:00+05:30,208.95,211.9,208.5,209.05,1176
ELECTHERM,2009-06-29 00:00:00+05:30,210.0,215.0,206.1,208.9,1166
ELECTHERM,2009-06-30 00:00:00+05:30,216.2,216.2,197.05,201.0,5567
ELECTHERM,2009-07-01 00:00:00+05:30,197.25,200.0,197.0,197.05,822
ELECTHERM,2009-07-02 00:00:00+05:30,200.0,200.0,196.0,197.9,1202
ELECTHERM,2009-07-03 00:00:00+05:30,201.5,213.4,200.0,200.6,1877
ELECTHERM,2009-07-06 00:00:00+05:30,205.0,208.75,192.1,196.9,1560
ELECTHERM,2009-07-07 00:00:00+05:30,193.05,199.9,190.1,197.65,1801
ELECTHERM,2009-07-08 00:00:00+05:30,195.0,195.0,180.4,187.65,766
ELECTHERM,2009-07-09 00:00:00+05:30,184.1,194.0,180.15,182.85,723
ELECTHERM,2009-07-10 00:00:00+05:30,183.05,187.8,181.2,182.05,1141
ELECTHERM,2009-07-13 00:00:00+05:30,183.0,184.0,168.0,171.95,1236
ELECTHERM,2009-07-14 00:00:00+05:30,178.9,183.0,175.1,179.4,1470
ELECTHERM,2009-07-15 00:00:00+05:30,183.0,190.5,179.0,189.55,784
ELECTHERM,2009-07-16 00:00:00+05:30,187.1,199.75,187.1,189.75,1097
ELECTHERM,2009-07-17 00:00:00+05:30,188.9,195.0,187.5,194.45,5293
ELECTHERM,2009-07-20 00:00:00+05:30,198.0,225.0,198.0,209.05,9383
ELECTHERM,2009-07-21 00:00:00+05:30,202.35,214.75,202.35,208.55,1482
ELECTHERM,2009-07-22 00:00:00+05:30,218.95,220.9,209.2,215.4,2052
ELECTHERM,2009-07-23 00:00:00+05:30,215.0,217.0,214.0,214.25,209
ELECTHERM,2009-07-24 00:00:00+05:30,223.4,224.0,215.0,219.85,2331
ELECTHERM,2009-07-27 00:00:00+05:30,215.0,224.0,212.05,219.9,505
ELECTHERM,2009-07-28 00:00:00+05:30,222.0,225.0,214.15,220.6,932
ELECTHERM,2009-07-29 00:00:00+05:30,225.0,243.95,215.0,223.05,5785
ELECTHERM,2009-07-30 00:00:00+05:30,216.1,229.7,216.1,222.9,944
ELECTHERM,2009-07-31 00:00:00+05:30,225.0,248.95,225.0,227.95,1079
ELECTHERM,2009-08-03 00:00:00+05:30,225.5,232.95,225.5,231.0,3262
ELECTHERM,2009-08-04 00:00:00+05:30,226.0,235.1,226.0,230.8,1393
ELECTHERM,2009-08-05 00:00:00+05:30,234.0,234.0,225.2,228.35,779
ELECTHERM,2009-08-06 00:00:00+05:30,226.3,235.1,225.0,226.0,5095
ELECTHERM,2009-08-07 00:00:00+05:30,212.0,222.0,212.0,220.05,2143
ELECTHERM,2009-08-10 00:00:00+05:30,222.0,231.05,187.2,216.5,3067
ELECTHERM,2009-08-11 00:00:00+05:30,258.9,258.9,214.9,217.0,420
ELECTHERM,2009-08-12 00:00:00+05:30,217.0,230.0,208.05,223.8,5156
ELECTHERM,2009-08-13 00:00:00+05:30,215.5,237.0,215.5,231.4,2881
ELECTHERM,2009-08-14 00:00:00+05:30,231.0,233.4,221.25,224.65,1330
ELECTHERM,2009-08-17 00:00:00+05:30,220.0,222.5,217.6,220.85,2473
ELECTHERM,2009-08-18 00:00:00+05:30,215.5,222.0,211.0,213.75,4667
ELECTHERM,2009-08-19 00:00:00+05:30,214.0,224.9,214.0,214.25,218
ELECTHERM,2009-08-20 00:00:00+05:30,215.0,228.0,215.0,224.65,1910
ELECTHERM,2009-08-21 00:00:00+05:30,228.0,230.0,218.0,220.55,6278
ELECTHERM,2009-08-24 00:00:00+05:30,222.0,230.0,220.0,226.85,4000
ELECTHERM,2009-08-25 00:00:00+05:30,234.0,271.45,227.1,259.0,17030
ELECTHERM,2009-08-26 00:00:00+05:30,276.0,307.0,276.0,292.75,134450
ELECTHERM,2009-08-27 00:00:00+05:30,290.0,299.9,275.0,282.4,20905
ELECTHERM,2009-08-28 00:00:00+05:30,289.9,289.9,271.65,277.3,7138
ELECTHERM,2009-08-31 00:00:00+05:30,270.0,281.9,264.0,266.9,9282
ELECTHERM,2009-09-01 00:00:00+05:30,268.1,275.0,258.95,261.3,6123
ELECTHERM,2009-09-02 00:00:00+05:30,260.0,262.8,255.0,257.4,3246
ELECTHERM,2009-09-03 00:00:00+05:30,270.0,272.0,252.0,255.75,11224
ELECTHERM,2009-09-04 00:00:00+05:30,253.0,263.0,247.0,251.25,7469
ELECTHERM,2009-09-07 00:00:00+05:30,251.5,280.0,251.25,272.65,44158
ELECTHERM,2009-09-08 00:00:00+05:30,279.5,292.9,271.0,273.95,47435
ELECTHERM,2009-09-09 00:00:00+05:30,275.0,275.0,262.2,263.6,3991
ELECTHERM,2009-09-10 00:00:00+05:30,276.0,277.9,256.25,259.05,6239
ELECTHERM,2009-09-11 00:00:00+05:30,256.0,265.0,255.0,262.7,4548
ELECTHERM,2009-09-14 00:00:00+05:30,258.2,264.95,255.0,260.2,857
ELECTHERM,2009-09-15 00:00:00+05:30,262.0,275.8,255.0,261.65,6307
ELECTHERM,2009-09-16 00:00:00+05:30,266.0,280.05,263.6,269.35,17995
ELECTHERM,2009-09-17 00:00:00+05:30,270.0,278.95,255.9,261.3,7479
ELECTHERM,2009-09-18 00:00:00+05:30,258.05,275.0,258.05,272.2,4201
ELECTHERM,2009-09-22 00:00:00+05:30,283.9,283.9,268.05,273.95,3572
ELECTHERM,2009-09-23 00:00:00+05:30,262.0,278.5,262.0,263.7,4773
ELECTHERM,2009-09-24 00:00:00+05:30,260.55,267.0,260.0,261.3,1091
ELECTHERM,2009-09-25 00:00:00+05:30,262.05,266.0,260.0,262.4,3268
ELECTHERM,2009-09-29 00:00:00+05:30,250.0,270.0,250.0,261.3,2575
ELECTHERM,2009-09-30 00:00:00+05:30,261.9,263.0,252.1,255.75,10579
ELECTHERM,2009-10-01 00:00:00+05:30,257.0,260.0,252.55,257.05,3979
ELECTHERM,2009-10-05 00:00:00+05:30,255.0,257.8,246.15,253.85,12498
ELECTHERM,2009-10-06 00:00:00+05:30,255.0,255.0,243.0,246.2,3400
ELECTHERM,2009-10-07 00:00:00+05:30,249.0,257.9,246.0,249.9,2698
ELECTHERM,2009-10-08 00:00:00+05:30,250.0,259.0,250.0,253.1,3112
ELECTHERM,2009-10-09 00:00:00+05:30,249.4,255.0,248.0,249.95,5614
ELECTHERM,2009-10-12 00:00:00+05:30,249.9,253.0,247.0,249.85,2627
ELECTHERM,2009-10-14 00:00:00+05:30,253.25,254.7,248.1,250.9,3563
ELECTHERM,2009-10-15 00:00:00+05:30,253.0,265.0,253.0,264.2,4661
ELECTHERM,2009-10-16 00:00:00+05:30,264.0,286.9,264.0,283.3,22421
ELECTHERM,2009-10-20 00:00:00+05:30,300.0,300.0,285.0,290.2,5123
ELECTHERM,2009-10-21 00:00:00+05:30,296.0,296.0,285.0,285.1,3400
ELECTHERM,2009-10-22 00:00:00+05:30,276.55,285.0,266.0,279.3,9049
ELECTHERM,2009-10-23 00:00:00+05:30,290.0,290.0,273.0,274.9,1812
ELECTHERM,2009-10-26 00:00:00+05:30,267.1,280.0,264.0,267.3,1301
ELECTHERM,2009-10-27 00:00:00+05:30,252.2,279.8,252.2,257.3,2508
ELECTHERM,2009-10-28 00:00:00+05:30,252.5,263.95,252.0,254.5,2150
ELECTHERM,2009-10-29 00:00:00+05:30,253.0,268.9,253.0,264.65,878
ELECTHERM,2009-10-30 00:00:00+05:30,289.0,289.0,255.0,255.25,4842
ELECTHERM,2009-11-03 00:00:00+05:30,247.25,260.0,231.25,236.65,3699
ELECTHERM,2009-11-04 00:00:00+05:30,240.85,240.85,230.5,236.9,3764
ELECTHERM,2009-11-05 00:00:00+05:30,248.0,251.95,235.0,248.3,8529
ELECTHERM,2009-11-06 00:00:00+05:30,265.0,265.0,244.95,250.4,1953
ELECTHERM,2009-11-09 00:00:00+05:30,250.0,254.75,250.0,252.5,2691
ELECTHERM,2009-11-10 00:00:00+05:30,266.0,266.0,246.0,248.35,2160
ELECTHERM,2009-11-11 00:00:00+05:30,259.0,265.0,248.5,254.75,3499
ELECTHERM,2009-11-12 00:00:00+05:30,252.05,260.0,245.0,258.5,1079
ELECTHERM,2009-11-13 00:00:00+05:30,255.0,258.95,251.15,254.3,1400
ELECTHERM,2009-11-16 00:00:00+05:30,251.2,259.0,251.2,254.55,887
ELECTHERM,2009-11-17 00:00:00+05:30,266.0,266.0,251.0,253.25,2140
ELECTHERM,2009-11-18 00:00:00+05:30,249.0,258.6,248.25,254.05,698
ELECTHERM,2009-11-19 00:00:00+05:30,277.0,277.0,254.5,255.55,3390
ELECTHERM,2009-11-20 00:00:00+05:30,242.1,262.95,242.1,258.35,1457
ELECTHERM,2009-11-23 00:00:00+05:30,253.0,263.7,253.0,257.85,515
ELECTHERM,2009-11-24 00:00:00+05:30,254.1,275.0,254.05,267.8,4789
ELECTHERM,2009-11-25 00:00:00+05:30,268.0,273.75,262.0,265.9,2866
ELECTHERM,2009-11-26 00:00:00+05:30,269.3,269.3,255.2,257.3,1246
ELECTHERM,2009-11-27 00:00:00+05:30,250.5,255.0,242.65,247.15,9216
ELECTHERM,2009-11-30 00:00:00+05:30,251.15,274.35,249.9,258.3,9648
ELECTHERM,2009-12-01 00:00:00+05:30,274.75,274.75,254.55,260.85,1087
ELECTHERM,2009-12-02 00:00:00+05:30,260.35,260.35,256.95,258.45,834
ELECTHERM,2009-12-03 00:00:00+05:30,262.0,267.0,251.1,266.25,3809
ELECTHERM,2009-12-04 00:00:00+05:30,262.15,296.9,260.3,278.65,14315
ELECTHERM,2009-12-07 00:00:00+05:30,282.8,304.5,266.4,277.9,38563
ELECTHERM,2009-12-08 00:00:00+05:30,278.0,286.8,275.0,276.1,3115
ELECTHERM,2009-12-09 00:00:00+05:30,286.0,286.0,270.0,278.9,1745
ELECTHERM,2009-12-10 00:00:00+05:30,277.95,283.5,273.95,281.7,2208
ELECTHERM,2009-12-11 00:00:00+05:30,287.0,287.0,267.5,269.95,2439
ELECTHERM,2009-12-14 00:00:00+05:30,270.6,282.0,266.65,275.45,1967
ELECTHERM,2009-12-15 00:00:00+05:30,293.9,293.9,261.4,264.4,2767
ELECTHERM,2009-12-16 00:00:00+05:30,264.1,267.2,262.3,264.45,788
ELECTHERM,2009-12-17 00:00:00+05:30,262.0,275.9,262.0,271.35,5579
ELECTHERM,2009-12-18 00:00:00+05:30,274.45,278.9,261.5,263.95,1154
ELECTHERM,2009-12-21 00:00:00+05:30,265.0,269.0,256.0,261.45,5563
ELECTHERM,2009-12-22 00:00:00+05:30,254.0,265.0,254.0,261.35,1845
ELECTHERM,2009-12-23 00:00:00+05:30,265.0,277.7,264.0,272.3,4878
ELECTHERM,2009-12-24 00:00:00+05:30,275.1,282.0,271.6,271.85,4002
ELECTHERM,2009-12-29 00:00:00+05:30,270.0,281.95,269.5,272.1,2388
ELECTHERM,2009-12-30 00:00:00+05:30,275.0,275.25,268.0,270.5,4141
ELECTHERM,2009-12-31 00:00:00+05:30,272.0,277.0,270.25,273.55,1730
ELECTHERM,2010-01-04 00:00:00+05:30,271.5,283.5,271.0,280.8,3375
ELECTHERM,2010-01-05 00:00:00+05:30,285.0,303.0,279.0,293.05,34381
ELECTHERM,2010-01-06 00:00:00+05:30,305.0,351.7,302.0,343.65,337430
ELECTHERM,2010-01-07 00:00:00+05:30,348.7,348.7,325.1,327.65,51428
ELECTHERM,2010-01-08 00:00:00+05:30,331.0,366.55,322.35,341.95,409346
ELECTHERM,2010-01-11 00:00:00+05:30,347.0,358.5,340.0,348.85,64935
ELECTHERM,2010-01-12 00:00:00+05:30,354.5,358.7,345.0,352.65,39288
ELECTHERM,2010-01-13 00:00:00+05:30,347.0,354.0,345.55,347.3,9722
ELECTHERM,2010-01-14 00:00:00+05:30,348.05,353.4,337.0,339.25,12926
ELECTHERM,2010-01-15 00:00:00+05:30,339.05,343.85,335.0,337.4,6916
ELECTHERM,2010-01-18 00:00:00+05:30,335.1,357.95,335.1,346.2,18621
ELECTHERM,2010-01-19 00:00:00+05:30,348.95,356.0,342.5,346.25,12015
ELECTHERM,2010-01-20 00:00:00+05:30,343.0,415.0,342.0,394.55,362557
ELECTHERM,2010-01-21 00:00:00+05:30,396.0,399.8,365.1,367.35,77115
ELECTHERM,2010-01-22 00:00:00+05:30,369.3,369.3,339.0,357.35,32081
ELECTHERM,2010-01-25 00:00:00+05:30,346.4,379.9,345.05,356.45,27377
ELECTHERM,2010-01-27 00:00:00+05:30,351.0,367.0,325.0,331.35,14644
ELECTHERM,2010-01-28 00:00:00+05:30,337.1,350.0,321.0,324.45,14887
ELECTHERM,2010-01-29 00:00:00+05:30,320.5,327.8,308.0,322.3,16368
ELECTHERM,2010-02-01 00:00:00+05:30,319.0,328.7,310.0,317.95,16135
ELECTHERM,2010-02-02 00:00:00+05:30,328.0,331.8,308.0,311.35,12551
ELECTHERM,2010-02-03 00:00:00+05:30,316.0,323.0,308.0,312.85,12243
ELECTHERM,2010-02-04 00:00:00+05:30,315.0,323.85,308.2,309.9,11787
ELECTHERM,2010-02-05 00:00:00+05:30,295.0,308.0,291.0,296.9,8535
ELECTHERM,2010-02-08 00:00:00+05:30,296.05,306.75,296.05,301.1,6878
ELECTHERM,2010-02-09 00:00:00+05:30,297.1,306.65,294.0,299.6,3119
ELECTHERM,2010-02-10 00:00:00+05:30,305.0,309.9,298.0,298.75,6976
ELECTHERM,2010-02-11 00:00:00+05:30,301.25,302.0,296.0,298.05,4228
ELECTHERM,2010-02-15 00:00:00+05:30,295.0,300.5,294.2,295.55,3052
ELECTHERM,2010-02-16 00:00:00+05:30,298.0,298.0,290.5,292.9,2429
ELECTHERM,2010-02-17 00:00:00+05:30,293.1,300.0,293.1,296.2,3229
ELECTHERM,2010-02-18 00:00:00+05:30,298.7,341.1,290.05,310.45,167924
ELECTHERM,2010-02-19 00:00:00+05:30,311.45,327.3,305.3,308.9,31528
ELECTHERM,2010-02-22 00:00:00+05:30,315.0,318.3,303.15,304.55,5844
ELECTHERM,2010-02-23 00:00:00+05:30,302.25,309.85,299.0,299.8,3496
ELECTHERM,2010-02-24 00:00:00+05:30,294.1,303.0,291.1,295.3,4078
ELECTHERM,2010-02-25 00:00:00+05:30,296.0,299.5,290.6,295.0,2346
ELECTHERM,2010-02-26 00:00:00+05:30,308.0,308.0,291.0,292.6,12597
ELECTHERM,2010-03-02 00:00:00+05:30,297.0,307.95,295.15,300.5,6831
ELECTHERM,2010-03-03 00:00:00+05:30,313.4,340.0,306.0,309.0,14852
ELECTHERM,2010-03-04 00:00:00+05:30,311.0,313.0,302.7,309.6,4176
ELECTHERM,2010-03-05 00:00:00+05:30,311.7,325.05,311.7,314.85,10730
ELECTHERM,2010-03-08 00:00:00+05:30,319.0,321.9,313.1,316.65,6409
ELECTHERM,2010-03-09 00:00:00+05:30,312.1,324.9,311.7,313.65,7773
ELECTHERM,2010-03-10 00:00:00+05:30,317.0,322.8,312.6,314.3,3218
ELECTHERM,2010-03-11 00:00:00+05:30,314.0,319.0,307.0,308.5,1581
ELECTHERM,2010-03-12 00:00:00+05:30,308.1,313.0,305.0,305.6,2137
ELECTHERM,2010-03-15 00:00:00+05:30,305.65,313.8,302.0,303.25,3962
ELECTHERM,2010-03-16 00:00:00+05:30,309.5,311.0,304.55,309.95,1243
ELECTHERM,2010-03-17 00:00:00+05:30,310.9,317.9,305.15,306.35,4215
ELECTHERM,2010-03-18 00:00:00+05:30,306.0,312.8,305.0,306.25,1196
ELECTHERM,2010-03-19 00:00:00+05:30,306.05,310.9,305.0,305.6,3084
ELECTHERM,2010-03-22 00:00:00+05:30,305.0,309.95,303.2,304.1,3208
ELECTHERM,2010-03-23 00:00:00+05:30,306.0,311.0,304.0,305.6,2870
ELECTHERM,2010-03-25 00:00:00+05:30,306.1,318.3,306.0,310.9,5281
ELECTHERM,2010-03-26 00:00:00+05:30,315.0,339.35,312.05,325.35,58255
ELECTHERM,2010-03-29 00:00:00+05:30,338.0,347.3,327.0,333.75,51994
ELECTHERM,2010-03-30 00:00:00+05:30,343.75,365.65,335.35,338.7,73199
ELECTHERM,2010-03-31 00:00:00+05:30,343.55,343.55,324.0,326.25,13379
ELECTHERM,2010-04-01 00:00:00+05:30,335.0,347.5,331.0,340.35,18542
ELECTHERM,2010-04-05 00:00:00+05:30,341.8,349.0,337.05,338.7,5748
ELECTHERM,2010-04-06 00:00:00+05:30,344.0,363.7,333.3,353.25,92075
ELECTHERM,2010-04-07 00:00:00+05:30,358.1,366.0,356.55,358.8,33621
ELECTHERM,2010-04-08 00:00:00+05:30,360.9,361.0,345.0,346.0,6436
ELECTHERM,2010-04-09 00:00:00+05:30,347.0,358.8,340.1,341.8,7385
ELECTHERM,2010-04-12 00:00:00+05:30,343.0,343.0,336.45,338.5,6381
ELECTHERM,2010-04-13 00:00:00+05:30,343.0,372.5,334.0,337.05,10889
ELECTHERM,2010-04-15 00:00:00+05:30,339.0,341.8,331.15,332.8,3668
ELECTHERM,2010-04-16 00:00:00+05:30,332.1,333.95,326.15,327.8,2531
ELECTHERM,2010-04-19 00:00:00+05:30,327.8,329.9,314.1,317.8,5118
ELECTHERM,2010-04-20 00:00:00+05:30,319.0,327.0,319.0,323.7,2081
ELECTHERM,2010-04-21 00:00:00+05:30,321.1,348.0,321.0,337.95,24169
ELECTHERM,2010-04-22 00:00:00+05:30,340.8,342.8,331.0,336.4,9572
ELECTHERM,2010-04-23 00:00:00+05:30,336.4,341.95,331.6,332.5,1581
ELECTHERM,2010-04-26 00:00:00+05:30,333.0,344.0,332.05,338.45,3766
ELECTHERM,2010-04-27 00:00:00+05:30,337.0,341.9,330.25,332.0,4684
ELECTHERM,2010-04-28 00:00:00+05:30,330.0,335.0,325.05,327.95,2209
ELECTHERM,2010-04-29 00:00:00+05:30,334.2,334.2,328.0,330.4,1645
ELECTHERM,2010-04-30 00:00:00+05:30,328.0,337.9,325.0,329.15,2853
ELECTHERM,2010-05-03 00:00:00+05:30,326.0,332.4,320.0,320.9,3402
ELECTHERM,2010-05-04 00:00:00+05:30,329.4,329.4,306.15,312.05,6381
ELECTHERM,2010-05-05 00:00:00+05:30,311.0,317.9,290.15,316.0,6062
ELECTHERM,2010-05-06 00:00:00+05:30,316.0,317.65,308.05,313.9,1712
ELECTHERM,2010-05-07 00:00:00+05:30,303.15,316.4,302.0,303.9,2316
ELECTHERM,2010-05-10 00:00:00+05:30,310.0,316.45,308.1,310.05,2393
ELECTHERM,2010-05-11 00:00:00+05:30,313.0,319.95,313.0,313.55,1252
ELECTHERM,2010-05-12 00:00:00+05:30,310.0,316.9,307.0,312.3,2103
ELECTHERM,2010-05-13 00:00:00+05:30,317.8,324.0,313.0,315.5,1809
ELECTHERM,2010-05-14 00:00:00+05:30,317.35,317.35,305.55,308.4,3066
ELECTHERM,2010-05-17 00:00:00+05:30,301.0,310.0,301.0,308.45,2095
ELECTHERM,2010-05-18 00:00:00+05:30,315.95,315.95,306.0,307.2,602
ELECTHERM,2010-05-19 00:00:00+05:30,298.25,309.15,297.0,297.75,2235
ELECTHERM,2010-05-20 00:00:00+05:30,297.2,299.5,286.0,287.35,3437
ELECTHERM,2010-05-21 00:00:00+05:30,288.0,293.95,280.0,280.35,11809
ELECTHERM,2010-05-24 00:00:00+05:30,295.9,295.9,280.9,281.3,1424
ELECTHERM,2010-05-25 00:00:00+05:30,280.0,280.0,275.0,275.7,1436
ELECTHERM,2010-05-26 00:00:00+05:30,290.95,290.95,275.05,277.25,1080
ELECTHERM,2010-05-27 00:00:00+05:30,276.1,286.9,275.6,282.45,2311
ELECTHERM,2010-05-28 00:00:00+05:30,285.0,292.7,285.0,290.3,1418
ELECTHERM,2010-05-31 00:00:00+05:30,299.8,303.4,290.5,292.05,2829
ELECTHERM,2010-06-01 00:00:00+05:30,300.5,300.5,285.55,286.8,851
ELECTHERM,2010-06-02 00:00:00+05:30,286.25,294.9,286.1,291.15,571
ELECTHERM,2010-06-03 00:00:00+05:30,289.0,344.45,289.0,327.8,287001
ELECTHERM,2010-06-04 00:00:00+05:30,326.0,326.0,302.25,304.2,85989
ELECTHERM,2010-06-07 00:00:00+05:30,278.0,299.0,278.0,292.4,12340
ELECTHERM,2010-06-08 00:00:00+05:30,295.95,299.4,282.15,284.75,9817
ELECTHERM,2010-06-09 00:00:00+05:30,289.0,291.0,284.3,285.6,6957
ELECTHERM,2010-06-10 00:00:00+05:30,287.0,293.8,284.4,287.75,8403
ELECTHERM,2010-06-11 00:00:00+05:30,291.0,292.0,287.0,288.75,4922
ELECTHERM,2010-06-14 00:00:00+05:30,289.2,304.5,289.2,297.0,10607
ELECTHERM,2010-06-15 00:00:00+05:30,296.0,298.9,288.9,291.6,5679
ELECTHERM,2010-06-16 00:00:00+05:30,290.0,294.5,287.0,290.9,2916
ELECTHERM,2010-06-17 00:00:00+05:30,291.2,292.95,287.1,288.45,2739
ELECTHERM,2010-06-18 00:00:00+05:30,290.0,299.9,287.35,290.3,5289
ELECTHERM,2010-06-21 00:00:00+05:30,291.5,301.0,291.5,299.55,5788
ELECTHERM,2010-06-22 00:00:00+05:30,299.95,301.0,290.0,291.55,5045
ELECTHERM,2010-06-23 00:00:00+05:30,290.1,297.0,288.0,291.8,3164
ELECTHERM,2010-06-24 00:00:00+05:30,291.0,298.0,290.1,293.25,2253
ELECTHERM,2010-06-25 00:00:00+05:30,291.5,297.0,290.1,292.35,2597
ELECTHERM,2010-06-28 00:00:00+05:30,296.95,333.0,293.4,303.9,6139
ELECTHERM,2010-06-29 00:00:00+05:30,305.6,307.0,297.1,300.15,2096
ELECTHERM,2010-06-30 00:00:00+05:30,300.0,304.95,297.0,297.35,1291
ELECTHERM,2010-07-01 00:00:00+05:30,300.0,300.0,295.4,296.55,668
ELECTHERM,2010-07-02 00:00:00+05:30,296.0,300.5,295.4,296.55,2581
ELECTHERM,2010-07-05 00:00:00+05:30,292.25,299.0,290.0,292.25,2654
ELECTHERM,2010-07-06 00:00:00+05:30,294.0,296.8,292.1,295.15,1479
ELECTHERM,2010-07-07 00:00:00+05:30,295.3,309.8,295.25,299.65,5296
ELECTHERM,2010-07-08 00:00:00+05:30,304.0,305.9,299.15,301.15,3404
ELECTHERM,2010-07-09 00:00:00+05:30,305.0,306.0,300.15,302.5,2984
ELECTHERM,2010-07-12 00:00:00+05:30,305.9,306.0,295.0,296.85,6447
ELECTHERM,2010-07-13 00:00:00+05:30,304.0,304.75,295.5,296.55,4223
ELECTHERM,2010-07-14 00:00:00+05:30,301.5,301.5,293.25,295.8,3037
ELECTHERM,2010-07-15 00:00:00+05:30,297.0,309.0,295.7,298.95,8910
ELECTHERM,2010-07-16 00:00:00+05:30,303.0,306.9,296.1,298.9,5859
ELECTHERM,2010-07-19 00:00:00+05:30,295.6,302.0,295.5,298.2,4481
ELECTHERM,2010-07-20 00:00:00+05:30,300.0,303.8,298.0,298.75,6400
ELECTHERM,2010-07-21 00:00:00+05:30,305.0,334.0,303.05,325.65,437860
ELECTHERM,2010-07-22 00:00:00+05:30,325.45,326.0,314.8,317.7,33152
ELECTHERM,2010-07-23 00:00:00+05:30,318.0,319.9,310.25,311.25,6902
ELECTHERM,2010-07-26 00:00:00+05:30,311.25,317.4,297.0,308.45,5324
ELECTHERM,2010-07-27 00:00:00+05:30,308.0,322.0,305.45,308.7,13240
ELECTHERM,2010-07-28 00:00:00+05:30,308.05,314.0,304.1,306.25,5204
ELECTHERM,2010-07-29 00:00:00+05:30,305.55,316.95,302.5,313.1,11454
ELECTHERM,2010-07-30 00:00:00+05:30,320.0,323.0,307.5,309.25,17299
ELECTHERM,2010-08-02 00:00:00+05:30,310.3,326.5,310.3,317.45,24391
ELECTHERM,2010-08-03 00:00:00+05:30,318.3,320.75,315.0,316.15,3675
ELECTHERM,2010-08-04 00:00:00+05:30,317.0,317.0,310.25,312.55,2848
ELECTHERM,2010-08-05 00:00:00+05:30,312.05,315.1,308.2,309.65,2706
ELECTHERM,2010-08-06 00:00:00+05:30,309.6,317.85,309.6,313.1,5364
ELECTHERM,2010-08-09 00:00:00+05:30,320.0,322.45,314.0,315.7,5288
ELECTHERM,2010-08-10 00:00:00+05:30,323.0,323.0,311.1,314.8,4090
ELECTHERM,2010-08-11 00:00:00+05:30,313.4,318.6,310.65,314.9,2877
ELECTHERM,2010-08-12 00:00:00+05:30,315.45,316.7,309.3,311.7,4290
ELECTHERM,2010-08-13 00:00:00+05:30,315.0,320.65,311.0,314.55,6556
ELECTHERM,2010-08-16 00:00:00+05:30,300.55,314.95,293.1,298.5,11844
ELECTHERM,2010-08-17 00:00:00+05:30,306.6,306.6,290.2,295.25,6294
ELECTHERM,2010-08-18 00:00:00+05:30,302.8,342.3,296.0,327.0,66049
ELECTHERM,2010-08-19 00:00:00+05:30,325.6,329.8,312.0,315.45,13820
ELECTHERM,2010-08-20 00:00:00+05:30,316.0,337.4,306.2,316.5,32553
ELECTHERM,2010-08-23 00:00:00+05:30,270.65,321.95,270.65,314.45,7485
ELECTHERM,2010-08-24 00:00:00+05:30,315.0,318.2,311.35,314.25,2993
ELECTHERM,2010-08-25 00:00:00+05:30,322.85,343.0,308.05,312.3,14897
ELECTHERM,2010-08-26 00:00:00+05:30,318.0,323.0,315.0,317.3,12698
ELECTHERM,2010-08-27 00:00:00+05:30,320.0,325.9,310.0,312.2,14885
ELECTHERM,2010-08-30 00:00:00+05:30,320.0,320.0,310.25,311.7,4840
ELECTHERM,2010-08-31 00:00:00+05:30,313.5,313.5,307.0,309.65,4718
ELECTHERM,2010-09-01 00:00:00+05:30,310.0,315.0,308.2,311.8,2623
ELECTHERM,2010-09-02 00:00:00+05:30,315.0,318.8,312.1,316.0,3087
ELECTHERM,2010-09-03 00:00:00+05:30,317.5,318.0,313.3,314.35,3078
ELECTHERM,2010-09-06 00:00:00+05:30,319.4,329.4,309.0,310.8,11039
ELECTHERM,2010-09-07 00:00:00+05:30,309.0,314.0,308.55,310.7,12845
ELECTHERM,2010-09-08 00:00:00+05:30,314.5,317.5,310.0,315.05,4224
ELECTHERM,2010-09-09 00:00:00+05:30,317.3,332.0,317.3,322.75,28813
ELECTHERM,2010-09-13 00:00:00+05:30,321.15,329.8,321.0,322.35,9870
ELECTHERM,2010-09-14 00:00:00+05:30,324.0,333.5,322.0,324.35,15934
ELECTHERM,2010-09-15 00:00:00+05:30,327.9,328.0,317.2,320.45,8538
ELECTHERM,2010-09-16 00:00:00+05:30,313.6,322.35,313.05,315.5,6840
ELECTHERM,2010-09-17 00:00:00+05:30,316.5,328.0,314.0,320.95,18678
ELECTHERM,2010-09-20 00:00:00+05:30,326.95,349.0,321.65,335.65,68255
ELECTHERM,2010-09-21 00:00:00+05:30,341.0,348.9,331.2,337.45,36862
ELECTHERM,2010-09-22 00:00:00+05:30,339.9,339.9,324.0,324.95,12254
ELECTHERM,2010-09-23 00:00:00+05:30,327.0,327.0,320.0,322.15,8927
ELECTHERM,2010-09-24 00:00:00+05:30,327.5,328.0,320.15,321.65,5656
ELECTHERM,2010-09-27 00:00:00+05:30,323.5,330.0,323.0,324.8,4056
ELECTHERM,2010-09-28 00:00:00+05:30,323.45,327.4,320.05,321.9,1799
ELECTHERM,2010-09-29 00:00:00+05:30,319.0,328.95,316.3,319.05,3774
ELECTHERM,2010-09-30 00:00:00+05:30,316.0,324.6,316.0,322.2,8283
ELECTHERM,2010-10-01 00:00:00+05:30,329.4,331.95,320.45,323.85,8615
ELECTHERM,2010-10-04 00:00:00+05:30,325.5,330.0,324.65,326.05,3696
ELECTHERM,2010-10-05 00:00:00+05:30,328.8,331.0,323.0,325.6,8246
ELECTHERM,2010-10-06 00:00:00+05:30,326.65,333.0,326.0,327.3,9239
ELECTHERM,2010-10-07 00:00:00+05:30,320.2,330.0,320.2,325.9,8236
ELECTHERM,2010-10-08 00:00:00+05:30,327.9,327.9,316.6,318.65,10099
ELECTHERM,2010-10-11 00:00:00+05:30,326.3,326.3,321.25,323.75,1742
ELECTHERM,2010-10-12 00:00:00+05:30,318.7,324.4,318.65,322.25,1088
ELECTHERM,2010-10-13 00:00:00+05:30,320.9,327.75,319.0,321.05,6256
ELECTHERM,2010-10-14 00:00:00+05:30,325.0,325.0,317.25,320.8,3346
ELECTHERM,2010-10-15 00:00:00+05:30,320.0,322.5,317.0,318.15,2788
ELECTHERM,2010-10-18 00:00:00+05:30,319.0,322.9,306.45,311.6,4239
ELECTHERM,2010-10-19 00:00:00+05:30,316.0,316.0,311.0,313.05,2155
ELECTHERM,2010-10-20 00:00:00+05:30,310.2,313.9,308.25,309.0,1250
ELECTHERM,2010-10-21 00:00:00+05:30,314.0,314.0,309.25,313.3,1341
ELECTHERM,2010-10-22 00:00:00+05:30,315.0,316.0,308.05,311.75,2313
ELECTHERM,2010-10-25 00:00:00+05:30,311.0,317.5,308.05,311.45,5313
ELECTHERM,2010-10-26 00:00:00+05:30,315.1,318.0,311.3,313.8,3826
ELECTHERM,2010-10-27 00:00:00+05:30,310.0,315.4,307.0,308.1,5383
ELECTHERM,2010-10-28 00:00:00+05:30,319.5,319.5,300.5,301.65,9102
ELECTHERM,2010-10-29 00:00:00+05:30,299.0,300.55,291.0,294.4,5499
ELECTHERM,2010-11-01 00:00:00+05:30,293.1,301.0,291.0,292.75,3905
ELECTHERM,2010-11-02 00:00:00+05:30,290.0,297.0,290.0,294.55,2860
ELECTHERM,2010-11-03 00:00:00+05:30,292.0,299.95,292.0,296.75,5001
ELECTHERM,2010-11-04 00:00:00+05:30,294.0,299.85,294.0,295.65,3401
ELECTHERM,2010-11-05 00:00:00+05:30,294.15,302.0,294.15,299.25,1295
ELECTHERM,2010-11-08 00:00:00+05:30,303.0,311.0,301.0,303.0,6246
ELECTHERM,2010-11-09 00:00:00+05:30,304.0,306.3,297.0,299.5,5960
ELECTHERM,2010-11-10 00:00:00+05:30,297.0,302.0,297.0,300.25,2542
ELECTHERM,2010-11-11 00:00:00+05:30,303.0,317.0,297.05,304.3,11882
ELECTHERM,2010-11-12 00:00:00+05:30,303.1,316.0,294.6,295.7,5254
ELECTHERM,2010-11-15 00:00:00+05:30,297.0,303.0,293.15,294.0,4867
ELECTHERM,2010-11-16 00:00:00+05:30,294.0,329.4,294.0,310.15,109359
ELECTHERM,2010-11-18 00:00:00+05:30,313.7,329.9,311.15,314.25,26772
ELECTHERM,2010-11-19 00:00:00+05:30,313.7,318.0,301.1,305.6,5543
ELECTHERM,2010-11-22 00:00:00+05:30,311.9,313.9,306.0,312.2,3138
ELECTHERM,2010-11-23 00:00:00+05:30,334.0,340.0,316.25,321.8,161033
ELECTHERM,2010-11-24 00:00:00+05:30,330.0,338.95,320.25,324.2,88323
ELECTHERM,2010-11-25 00:00:00+05:30,336.8,336.8,301.55,306.85,11750
ELECTHERM,2010-11-26 00:00:00+05:30,301.05,310.9,272.0,291.95,16028
ELECTHERM,2010-11-29 00:00:00+05:30,286.25,288.95,276.5,282.45,13485
ELECTHERM,2010-11-30 00:00:00+05:30,278.0,299.65,278.0,287.95,6543
ELECTHERM,2010-12-01 00:00:00+05:30,296.0,305.0,294.0,298.95,9688
ELECTHERM,2010-12-02 00:00:00+05:30,300.0,303.9,296.45,298.2,3049
ELECTHERM,2010-12-03 00:00:00+05:30,295.05,295.05,283.0,285.95,8693
ELECTHERM,2010-12-06 00:00:00+05:30,283.0,289.8,279.0,279.55,8173
ELECTHERM,2010-12-07 00:00:00+05:30,277.0,284.0,263.8,269.4,16678
ELECTHERM,2010-12-08 00:00:00+05:30,264.0,270.0,256.0,261.05,5628
ELECTHERM,2010-12-09 00:00:00+05:30,258.0,260.0,241.6,244.85,5212
ELECTHERM,2010-12-10 00:00:00+05:30,240.0,272.0,240.0,261.65,6914
ELECTHERM,2010-12-13 00:00:00+05:30,290.0,290.0,256.1,266.8,6950
ELECTHERM,2010-12-14 00:00:00+05:30,270.0,274.7,265.0,267.85,3849
ELECTHERM,2010-12-15 00:00:00+05:30,260.5,269.0,260.5,263.8,1070
ELECTHERM,2010-12-16 00:00:00+05:30,261.0,276.5,261.0,273.75,6581
ELECTHERM,2010-12-20 00:00:00+05:30,269.1,287.0,262.05,270.55,9469
ELECTHERM,2010-12-21 00:00:00+05:30,270.0,273.9,267.0,268.35,1779
ELECTHERM,2010-12-22 00:00:00+05:30,266.0,277.0,266.0,269.6,2409
ELECTHERM,2010-12-23 00:00:00+05:30,268.0,271.0,263.8,263.95,3779
ELECTHERM,2010-12-24 00:00:00+05:30,263.8,277.0,263.75,268.0,13560
ELECTHERM,2010-12-27 00:00:00+05:30,285.0,285.0,266.7,269.35,1696
ELECTHERM,2010-12-28 00:00:00+05:30,267.0,270.35,265.05,266.35,1298
ELECTHERM,2010-12-29 00:00:00+05:30,268.0,272.0,266.5,271.65,871
ELECTHERM,2010-12-30 00:00:00+05:30,268.7,273.8,266.35,267.45,1974
ELECTHERM,2010-12-31 00:00:00+05:30,272.9,273.95,269.1,271.05,1288
ELECTHERM,2011-01-03 00:00:00+05:30,277.0,279.8,271.4,276.6,4950
ELECTHERM,2011-01-04 00:00:00+05:30,278.0,281.0,275.25,276.7,2596
ELECTHERM,2011-01-05 00:00:00+05:30,275.0,280.0,270.0,276.95,2071
ELECTHERM,2011-01-06 00:00:00+05:30,278.0,279.95,271.0,272.3,1446
ELECTHERM,2011-01-07 00:00:00+05:30,269.4,271.2,267.0,267.3,1344
ELECTHERM,2011-01-10 00:00:00+05:30,266.35,271.95,261.1,262.6,5781
ELECTHERM,2011-01-11 00:00:00+05:30,260.05,263.45,253.0,253.65,2717
ELECTHERM,2011-01-12 00:00:00+05:30,253.65,259.5,251.0,255.1,3754
ELECTHERM,2011-01-13 00:00:00+05:30,253.0,260.3,248.55,252.15,1256
ELECTHERM,2011-01-14 00:00:00+05:30,252.0,258.05,249.0,250.9,567
ELECTHERM,2011-01-17 00:00:00+05:30,257.75,257.75,246.0,246.2,625
ELECTHERM,2011-01-18 00:00:00+05:30,247.25,247.25,235.0,236.2,3447
ELECTHERM,2011-01-19 00:00:00+05:30,235.15,259.0,235.15,243.7,42677
ELECTHERM,2011-01-20 00:00:00+05:30,249.7,249.7,238.15,240.7,1231
ELECTHERM,2011-01-21 00:00:00+05:30,239.6,242.0,236.0,236.4,2162
ELECTHERM,2011-01-24 00:00:00+05:30,240.0,267.0,238.5,253.05,79195
ELECTHERM,2011-01-25 00:00:00+05:30,257.0,264.9,255.0,258.35,19399
ELECTHERM,2011-01-27 00:00:00+05:30,258.35,261.95,246.05,248.65,2666
ELECTHERM,2011-01-28 00:00:00+05:30,244.3,246.0,234.1,237.45,2599
ELECTHERM,2011-01-31 00:00:00+05:30,234.0,234.9,222.4,227.05,4817
ELECTHERM,2011-02-01 00:00:00+05:30,232.9,233.0,226.25,230.4,4627
ELECTHERM,2011-02-02 00:00:00+05:30,235.0,235.0,227.1,229.3,2195
ELECTHERM,2011-02-03 00:00:00+05:30,230.0,241.8,227.5,237.9,4041
ELECTHERM,2011-02-04 00:00:00+05:30,241.8,243.0,216.4,221.4,8295
ELECTHERM,2011-02-07 00:00:00+05:30,220.1,231.95,208.15,211.9,45445
ELECTHERM,2011-02-08 00:00:00+05:30,210.0,210.0,200.1,201.15,10367
ELECTHERM,2011-02-09 00:00:00+05:30,198.0,200.0,187.0,188.3,6419
ELECTHERM,2011-02-10 00:00:00+05:30,185.0,196.0,177.6,180.95,20449
ELECTHERM,2011-02-11 00:00:00+05:30,182.05,193.95,180.0,189.4,5562
ELECTHERM,2011-02-14 00:00:00+05:30,191.0,211.0,188.0,203.1,23595
ELECTHERM,2011-02-15 00:00:00+05:30,205.0,205.0,198.15,199.0,1470
ELECTHERM,2011-02-16 00:00:00+05:30,205.0,205.0,199.0,200.7,1817
ELECTHERM,2011-02-17 00:00:00+05:30,198.1,212.0,198.1,203.45,2919
ELECTHERM,2011-02-18 00:00:00+05:30,201.0,203.15,193.5,195.1,985
ELECTHERM,2011-02-21 00:00:00+05:30,202.75,202.75,194.5,196.85,1693
ELECTHERM,2011-02-22 00:00:00+05:30,198.9,198.9,195.0,197.2,1491
ELECTHERM,2011-02-23 00:00:00+05:30,194.5,198.5,194.5,196.95,748
ELECTHERM,2011-02-24 00:00:00+05:30,194.0,200.1,189.2,191.85,1674
ELECTHERM,2011-02-25 00:00:00+05:30,194.0,194.0,189.0,190.05,808
ELECTHERM,2011-02-28 00:00:00+05:30,190.0,217.4,184.5,198.25,8406
ELECTHERM,2011-03-01 00:00:00+05:30,202.5,225.9,195.65,212.0,89268
ELECTHERM,2011-03-03 00:00:00+05:30,212.0,216.95,209.0,210.2,2270
ELECTHERM,2011-03-04 00:00:00+05:30,212.5,214.0,202.1,204.8,2049
ELECTHERM,2011-03-07 00:00:00+05:30,204.0,204.0,191.0,198.1,2426
ELECTHERM,2011-03-08 00:00:00+05:30,196.0,203.9,196.0,198.45,864
ELECTHERM,2011-03-09 00:00:00+05:30,202.0,203.85,198.3,202.45,477
ELECTHERM,2011-03-10 00:00:00+05:30,198.0,206.4,195.35,200.15,5570
ELECTHERM,2011-03-11 00:00:00+05:30,198.7,202.0,195.05,196.85,927
ELECTHERM,2011-03-14 00:00:00+05:30,196.05,201.8,195.0,197.3,357
ELECTHERM,2011-03-15 00:00:00+05:30,193.0,194.7,191.05,191.5,1576
ELECTHERM,2011-03-16 00:00:00+05:30,192.5,196.4,192.5,194.05,981
ELECTHERM,2011-03-17 00:00:00+05:30,196.85,202.0,196.05,197.4,9033
ELECTHERM,2011-03-18 00:00:00+05:30,197.0,202.0,196.2,197.6,1374
ELECTHERM,2011-03-21 00:00:00+05:30,196.5,199.4,196.25,196.5,562
ELECTHERM,2011-03-22 00:00:00+05:30,199.85,199.85,196.3,197.35,1155
ELECTHERM,2011-03-23 00:00:00+05:30,196.0,198.2,196.0,197.95,112
ELECTHERM,2011-03-24 00:00:00+05:30,198.1,198.5,195.25,198.0,114
ELECTHERM,2011-03-25 00:00:00+05:30,196.05,205.0,196.05,200.5,5544
ELECTHERM,2011-03-28 00:00:00+05:30,200.5,206.0,197.1,203.35,2258
ELECTHERM,2011-03-29 00:00:00+05:30,205.5,213.5,202.5,206.5,8069
ELECTHERM,2011-03-30 00:00:00+05:30,205.0,210.15,205.0,207.7,2736
ELECTHERM,2011-03-31 00:00:00+05:30,206.0,214.25,203.55,205.85,5453
ELECTHERM,2011-04-01 00:00:00+05:30,204.0,211.0,204.0,209.8,1734
ELECTHERM,2011-04-04 00:00:00+05:30,210.0,221.0,210.0,219.05,4298
ELECTHERM,2011-04-05 00:00:00+05:30,215.05,222.0,215.05,217.7,1954
ELECTHERM,2011-04-06 00:00:00+05:30,221.0,232.5,216.5,230.15,4468
ELECTHERM,2011-04-07 00:00:00+05:30,225.0,231.85,223.65,227.65,1641
ELECTHERM,2011-04-08 00:00:00+05:30,226.55,226.55,223.0,223.15,1247
ELECTHERM,2011-04-11 00:00:00+05:30,224.0,224.0,214.8,216.8,649
ELECTHERM,2011-04-13 00:00:00+05:30,211.0,218.9,210.0,217.35,637
ELECTHERM,2011-04-15 00:00:00+05:30,222.0,222.0,213.0,217.0,1095
ELECTHERM,2011-04-18 00:00:00+05:30,218.0,224.2,209.25,218.35,592
ELECTHERM,2011-04-19 00:00:00+05:30,218.0,218.0,215.5,216.05,172
ELECTHERM,2011-04-20 00:00:00+05:30,216.0,225.0,213.15,216.1,1150
ELECTHERM,2011-04-21 00:00:00+05:30,221.0,221.0,214.9,217.1,1422
ELECTHERM,2011-04-25 00:00:00+05:30,213.1,219.7,213.05,218.55,457
ELECTHERM,2011-04-26 00:00:00+05:30,214.1,217.8,213.1,213.1,109
ELECTHERM,2011-04-27 00:00:00+05:30,216.0,218.0,216.0,217.55,3110
ELECTHERM,2011-04-28 00:00:00+05:30,218.0,219.85,211.0,211.15,844
ELECTHERM,2011-04-29 00:00:00+05:30,217.0,217.0,205.1,207.75,1881
ELECTHERM,2011-05-02 00:00:00+05:30,212.6,221.0,204.0,211.7,2592
ELECTHERM,2011-05-03 00:00:00+05:30,209.4,209.6,197.15,198.05,2376
ELECTHERM,2011-05-04 00:00:00+05:30,195.6,205.9,195.5,197.2,562
ELECTHERM,2011-05-05 00:00:00+05:30,202.95,202.95,197.0,197.5,261
ELECTHERM,2011-05-06 00:00:00+05:30,200.0,202.7,198.5,199.9,916
ELECTHERM,2011-05-09 00:00:00+05:30,209.0,212.0,196.4,196.95,1790
ELECTHERM,2011-05-10 00:00:00+05:30,196.3,198.0,195.8,195.95,622
ELECTHERM,2011-05-11 00:00:00+05:30,205.0,205.0,195.0,195.7,1159
ELECTHERM,2011-05-12 00:00:00+05:30,195.0,204.0,193.2,200.95,1764
ELECTHERM,2011-05-13 00:00:00+05:30,197.45,202.9,197.45,200.95,264
ELECTHERM,2011-05-16 00:00:00+05:30,200.0,204.7,195.25,195.55,2517
ELECTHERM,2011-05-17 00:00:00+05:30,195.0,195.5,191.05,192.65,1822
ELECTHERM,2011-05-18 00:00:00+05:30,194.0,195.0,191.0,191.25,1265
ELECTHERM,2011-05-19 00:00:00+05:30,195.5,195.5,186.1,186.7,2029
ELECTHERM,2011-05-20 00:00:00+05:30,186.5,189.4,186.5,186.85,478
ELECTHERM,2011-05-23 00:00:00+05:30,193.15,193.15,178.1,180.6,2646
ELECTHERM,2011-05-24 00:00:00+05:30,181.7,181.7,174.0,176.1,960
ELECTHERM,2011-05-25 00:00:00+05:30,172.5,182.0,172.0,175.0,14382
ELECTHERM,2011-05-26 00:00:00+05:30,176.0,179.85,173.2,174.85,2400
ELECTHERM,2011-05-27 00:00:00+05:30,171.0,181.5,171.0,174.7,4345
ELECTHERM,2011-05-30 00:00:00+05:30,174.9,175.05,170.1,171.2,2519
ELECTHERM,2011-05-31 00:00:00+05:30,167.0,174.45,166.1,173.85,1228
ELECTHERM,2011-06-01 00:00:00+05:30,173.0,179.6,173.0,173.95,12915
ELECTHERM,2011-06-02 00:00:00+05:30,172.35,174.8,168.4,171.15,2606
ELECTHERM,2011-06-03 00:00:00+05:30,174.7,174.7,166.6,171.1,937
ELECTHERM,2011-06-06 00:00:00+05:30,169.0,178.0,169.0,173.9,448
ELECTHERM,2011-06-07 00:00:00+05:30,171.2,174.95,171.2,174.5,528
ELECTHERM,2011-06-08 00:00:00+05:30,174.0,175.8,174.0,174.2,30
ELECTHERM,2011-06-09 00:00:00+05:30,175.0,177.75,174.95,177.0,732
ELECTHERM,2011-06-10 00:00:00+05:30,177.0,177.7,170.4,176.05,415
ELECTHERM,2011-06-13 00:00:00+05:30,174.5,175.0,172.05,173.3,332
ELECTHERM,2011-06-14 00:00:00+05:30,174.05,177.0,172.75,173.9,1830
ELECTHERM,2011-06-15 00:00:00+05:30,171.5,176.9,171.5,171.7,1303
ELECTHERM,2011-06-16 00:00:00+05:30,171.1,174.0,171.1,173.5,502
ELECTHERM,2011-06-17 00:00:00+05:30,173.5,175.5,171.1,172.95,395
ELECTHERM,2011-06-20 00:00:00+05:30,171.0,171.0,166.0,166.3,2583
ELECTHERM,2011-06-21 00:00:00+05:30,165.0,169.0,159.05,160.0,3455
ELECTHERM,2011-06-22 00:00:00+05:30,169.7,169.7,158.1,160.95,1679
ELECTHERM,2011-06-23 00:00:00+05:30,161.0,163.5,158.0,158.4,503
ELECTHERM,2011-06-24 00:00:00+05:30,159.6,162.75,158.0,160.1,326
ELECTHERM,2011-06-27 00:00:00+05:30,160.0,163.5,158.45,161.0,753
ELECTHERM,2011-06-28 00:00:00+05:30,163.5,163.5,162.1,162.1,520
ELECTHERM,2011-06-29 00:00:00+05:30,162.5,164.6,162.05,162.25,279
ELECTHERM,2011-06-30 00:00:00+05:30,163.5,163.5,162.0,163.45,492
ELECTHERM,2011-07-01 00:00:00+05:30,179.0,179.0,161.6,163.0,249
ELECTHERM,2011-07-04 00:00:00+05:30,169.75,172.2,162.3,169.55,10843
ELECTHERM,2011-07-05 00:00:00+05:30,169.55,192.0,167.85,187.1,229803
ELECTHERM,2011-07-06 00:00:00+05:30,194.0,195.0,185.4,190.15,108469
ELECTHERM,2011-07-07 00:00:00+05:30,192.8,195.05,181.5,184.6,28471
ELECTHERM,2011-07-08 00:00:00+05:30,182.55,193.0,182.55,183.25,13400
ELECTHERM,2011-07-11 00:00:00+05:30,183.25,187.3,176.0,177.25,7624
ELECTHERM,2011-07-12 00:00:00+05:30,175.9,185.4,171.3,182.65,6334
ELECTHERM,2011-07-13 00:00:00+05:30,181.15,182.95,168.3,174.9,13086
ELECTHERM,2011-07-14 00:00:00+05:30,173.95,174.9,171.0,174.25,8844
ELECTHERM,2011-07-15 00:00:00+05:30,174.1,176.5,172.75,174.8,7541
ELECTHERM,2011-07-18 00:00:00+05:30,174.8,176.45,169.0,169.55,3115
ELECTHERM,2011-07-19 00:00:00+05:30,168.5,173.55,164.0,171.3,11425
ELECTHERM,2011-07-20 00:00:00+05:30,172.0,173.85,170.0,170.8,4025
ELECTHERM,2011-07-21 00:00:00+05:30,170.1,172.9,169.6,172.05,3300
ELECTHERM,2011-07-22 00:00:00+05:30,170.25,175.45,168.0,170.05,3078
ELECTHERM,2011-07-25 00:00:00+05:30,169.0,172.0,168.2,169.35,937
ELECTHERM,2011-07-26 00:00:00+05:30,173.9,173.9,167.2,168.4,2371
ELECTHERM,2011-07-27 00:00:00+05:30,167.45,170.5,165.0,165.9,3557
ELECTHERM,2011-07-28 00:00:00+05:30,165.05,172.45,159.0,160.05,60267
ELECTHERM,2011-07-29 00:00:00+05:30,160.0,162.95,149.0,152.35,14218
ELECTHERM,2011-08-01 00:00:00+05:30,151.0,154.9,147.0,149.75,6740
ELECTHERM,2011-08-02 00:00:00+05:30,148.1,151.0,143.65,144.65,8207
ELECTHERM,2011-08-03 00:00:00+05:30,145.5,149.0,143.7,145.45,5148
ELECTHERM,2011-08-04 00:00:00+05:30,145.45,149.75,143.8,145.3,492
ELECTHERM,2011-08-05 00:00:00+05:30,143.0,144.5,125.0,131.0,21434
ELECTHERM,2011-08-08 00:00:00+05:30,124.1,129.9,114.5,115.9,31192
ELECTHERM,2011-08-09 00:00:00+05:30,114.0,134.9,102.6,124.2,35653
ELECTHERM,2011-08-10 00:00:00+05:30,124.2,133.95,124.2,130.3,13961
ELECTHERM,2011-08-11 00:00:00+05:30,130.3,133.45,124.2,124.65,6543
ELECTHERM,2011-08-12 00:00:00+05:30,124.65,125.0,120.55,122.9,4636
ELECTHERM,2011-08-16 00:00:00+05:30,100.25,122.0,98.35,111.65,12496
ELECTHERM,2011-08-17 00:00:00+05:30,111.65,115.65,107.35,111.7,5778
ELECTHERM,2011-08-18 00:00:00+05:30,111.7,113.85,108.0,110.1,4623
ELECTHERM,2011-08-19 00:00:00+05:30,105.15,115.0,105.15,109.8,6108
ELECTHERM,2011-08-22 00:00:00+05:30,107.0,111.35,104.05,108.9,4706
ELECTHERM,2011-08-23 00:00:00+05:30,108.0,121.8,108.0,116.6,7833
ELECTHERM,2011-08-24 00:00:00+05:30,117.85,120.0,109.1,110.8,5902
ELECTHERM,2011-08-25 00:00:00+05:30,111.0,119.35,111.0,117.0,3289
ELECTHERM,2011-08-26 00:00:00+05:30,113.0,119.3,111.0,111.25,1927
ELECTHERM,2011-08-29 00:00:00+05:30,111.2,124.55,111.2,118.15,23517
ELECTHERM,2011-08-30 00:00:00+05:30,116.1,119.95,114.5,114.6,1611
ELECTHERM,2011-09-02 00:00:00+05:30,114.0,119.5,113.1,113.7,2847
ELECTHERM,2011-09-05 00:00:00+05:30,116.8,116.8,111.3,113.65,2381
ELECTHERM,2011-09-06 00:00:00+05:30,119.35,119.4,113.55,115.3,2082
ELECTHERM,2011-09-07 00:00:00+05:30,117.0,125.5,115.6,122.65,11553
ELECTHERM,2011-09-08 00:00:00+05:30,120.75,122.1,119.1,121.4,3766
ELECTHERM,2011-09-09 00:00:00+05:30,121.3,124.5,119.1,123.2,2064
ELECTHERM,2011-09-12 00:00:00+05:30,123.0,123.9,118.0,118.3,1745
ELECTHERM,2011-09-13 00:00:00+05:30,119.0,126.0,119.0,121.7,10295
ELECTHERM,2011-09-14 00:00:00+05:30,125.4,146.0,125.4,142.9,816981
ELECTHERM,2011-09-15 00:00:00+05:30,140.0,144.65,133.1,138.25,209574
ELECTHERM,2011-09-16 00:00:00+05:30,138.0,139.8,131.5,133.2,29264
ELECTHERM,2011-09-19 00:00:00+05:30,131.1,131.55,125.1,126.3,11938
ELECTHERM,2011-09-20 00:00:00+05:30,124.3,128.5,122.35,123.75,34339
ELECTHERM,2011-09-21 00:00:00+05:30,122.3,124.5,122.25,123.4,5109
ELECTHERM,2011-09-22 00:00:00+05:30,120.1,125.25,120.1,122.0,8833
ELECTHERM,2011-09-23 00:00:00+05:30,118.0,121.25,115.05,118.55,7957
ELECTHERM,2011-09-26 00:00:00+05:30,118.0,121.0,112.4,113.75,12747
ELECTHERM,2011-09-27 00:00:00+05:30,114.0,121.65,113.7,116.7,9269
ELECTHERM,2011-09-28 00:00:00+05:30,116.0,117.5,112.6,113.85,6015
ELECTHERM,2011-09-29 00:00:00+05:30,113.0,136.65,112.95,136.6,89654
ELECTHERM,2011-09-30 00:00:00+05:30,136.1,147.45,136.1,142.5,242497
ELECTHERM,2011-10-03 00:00:00+05:30,135.1,149.0,131.3,140.0,69585
ELECTHERM,2011-10-04 00:00:00+05:30,139.0,143.7,125.6,127.2,44264
ELECTHERM,2011-10-05 00:00:00+05:30,129.25,139.9,120.5,121.9,26926
ELECTHERM,2011-10-07 00:00:00+05:30,123.0,145.0,123.0,143.05,166905
ELECTHERM,2011-10-10 00:00:00+05:30,146.95,162.7,140.1,158.95,316164
ELECTHERM,2011-10-11 00:00:00+05:30,157.0,161.0,133.7,137.5,233047
ELECTHERM,2011-10-12 00:00:00+05:30,136.0,144.9,135.8,139.6,54070
ELECTHERM,2011-10-13 00:00:00+05:30,139.75,140.95,133.2,135.8,29226
ELECTHERM,2011-10-14 00:00:00+05:30,134.4,138.8,130.0,131.55,4780
ELECTHERM,2011-10-17 00:00:00+05:30,131.55,138.15,131.55,138.15,5088
ELECTHERM,2011-10-18 00:00:00+05:30,145.0,145.1,145.0,145.1,6420
ELECTHERM,2011-10-19 00:00:00+05:30,152.4,152.4,152.4,152.4,2811
ELECTHERM,2011-10-20 00:00:00+05:30,160.05,160.05,146.15,160.05,9218
ELECTHERM,2011-10-21 00:00:00+05:30,168.0,168.05,162.0,168.05,7375
ELECTHERM,2011-10-24 00:00:00+05:30,176.45,176.45,176.45,176.45,1806
ELECTHERM,2011-10-25 00:00:00+05:30,185.3,185.3,185.3,185.3,1416
ELECTHERM,2011-10-28 00:00:00+05:30,204.35,204.35,184.9,185.05,15740
ELECTHERM,2011-10-31 00:00:00+05:30,178.05,194.3,176.2,178.65,6314
ELECTHERM,2011-11-01 00:00:00+05:30,184.0,184.0,173.6,177.95,2573
ELECTHERM,2011-11-02 00:00:00+05:30,173.35,174.0,169.05,169.85,2007
ELECTHERM,2011-11-03 00:00:00+05:30,164.05,177.75,162.05,171.65,3722
ELECTHERM,2011-11-04 00:00:00+05:30,168.0,174.75,166.5,169.5,1598
ELECTHERM,2011-11-08 00:00:00+05:30,170.0,171.95,165.9,171.95,349
ELECTHERM,2011-11-09 00:00:00+05:30,166.1,175.0,166.1,168.0,1800
ELECTHERM,2011-11-11 00:00:00+05:30,170.0,170.0,164.25,169.0,445
ELECTHERM,2011-11-14 00:00:00+05:30,162.0,165.0,160.55,160.55,345
ELECTHERM,2011-11-15 00:00:00+05:30,159.95,159.95,152.6,152.6,1341
ELECTHERM,2011-11-16 00:00:00+05:30,146.0,158.8,145.05,147.35,2980
ELECTHERM,2011-11-17 00:00:00+05:30,143.1,153.75,143.1,145.85,269
ELECTHERM,2011-11-18 00:00:00+05:30,142.5,143.55,138.6,142.6,3757
ELECTHERM,2011-11-21 00:00:00+05:30,136.0,143.5,135.5,135.9,2152
ELECTHERM,2011-11-22 00:00:00+05:30,130.05,142.0,130.05,142.0,1088
ELECTHERM,2011-11-23 00:00:00+05:30,136.05,137.5,136.0,136.0,915
ELECTHERM,2011-11-24 00:00:00+05:30,132.1,140.0,129.25,138.5,576
ELECTHERM,2011-11-25 00:00:00+05:30,132.15,141.9,132.15,140.0,402
ELECTHERM,2011-11-28 00:00:00+05:30,140.0,144.9,138.0,138.75,1662
ELECTHERM,2011-11-29 00:00:00+05:30,139.0,140.0,137.05,139.35,133
ELECTHERM,2011-11-30 00:00:00+05:30,135.0,142.5,135.0,137.5,255
ELECTHERM,2011-12-01 00:00:00+05:30,139.0,144.2,139.0,139.05,220
ELECTHERM,2011-12-02 00:00:00+05:30,143.95,144.85,140.1,142.25,1330
ELECTHERM,2011-12-05 00:00:00+05:30,149.0,149.35,149.0,149.35,219
ELECTHERM,2011-12-07 00:00:00+05:30,156.8,156.8,156.8,156.8,3666
ELECTHERM,2011-12-08 00:00:00+05:30,164.6,164.6,153.0,155.75,24996
ELECTHERM,2011-12-09 00:00:00+05:30,148.4,161.5,148.4,159.5,11777
ELECTHERM,2011-12-12 00:00:00+05:30,167.45,167.45,157.1,159.4,3308
ELECTHERM,2011-12-13 00:00:00+05:30,155.3,162.45,155.2,159.85,11213
ELECTHERM,2011-12-14 00:00:00+05:30,159.0,161.5,151.9,151.9,74507
ELECTHERM,2011-12-15 00:00:00+05:30,157.5,158.0,144.3,144.3,170831
ELECTHERM,2011-12-16 00:00:00+05:30,137.1,137.1,137.1,137.1,2347
ELECTHERM,2011-12-19 00:00:00+05:30,130.25,130.25,130.25,130.25,191
ELECTHERM,2011-12-20 00:00:00+05:30,123.75,123.75,123.75,123.75,310
ELECTHERM,2011-12-21 00:00:00+05:30,117.6,117.6,117.6,117.6,391
ELECTHERM,2011-12-22 00:00:00+05:30,111.75,111.75,111.75,111.75,1110
ELECTHERM,2011-12-23 00:00:00+05:30,106.2,106.2,106.2,106.2,883
ELECTHERM,2011-12-26 00:00:00+05:30,100.9,106.0,100.9,100.9,10896
ELECTHERM,2011-12-27 00:00:00+05:30,95.85,100.0,95.85,95.85,10014
ELECTHERM,2011-12-28 00:00:00+05:30,91.1,91.1,91.1,91.1,1623
ELECTHERM,2011-12-29 00:00:00+05:30,86.55,86.55,86.55,86.55,2688
ELECTHERM,2011-12-30 00:00:00+05:30,82.25,90.85,82.25,84.0,46443
ELECTHERM,2012-01-02 00:00:00+05:30,79.8,84.0,79.8,79.8,13288
ELECTHERM,2012-01-03 00:00:00+05:30,77.05,83.45,77.05,81.2,34921
ELECTHERM,2012-01-04 00:00:00+05:30,81.3,82.8,79.15,79.75,6360
ELECTHERM,2012-01-05 00:00:00+05:30,78.0,83.4,78.0,81.75,7573
ELECTHERM,2012-01-06 00:00:00+05:30,81.0,81.8,79.6,80.55,5171
ELECTHERM,2012-01-09 00:00:00+05:30,81.1,82.45,78.05,79.1,6958
ELECTHERM,2012-01-10 00:00:00+05:30,77.55,83.05,77.5,83.05,10125
ELECTHERM,2012-01-11 00:00:00+05:30,87.0,87.0,83.65,85.4,7539
ELECTHERM,2012-01-12 00:00:00+05:30,83.4,86.9,81.5,82.0,8371
ELECTHERM,2012-01-13 00:00:00+05:30,84.9,86.1,84.1,86.1,7018
ELECTHERM,2012-01-16 00:00:00+05:30,87.0,88.8,85.0,86.35,5006
ELECTHERM,2012-01-17 00:00:00+05:30,87.0,90.65,87.0,90.65,19382
ELECTHERM,2012-01-18 00:00:00+05:30,92.85,94.0,89.9,90.6,8003
ELECTHERM,2012-01-19 00:00:00+05:30,91.1,92.9,87.1,88.2,4823
ELECTHERM,2012-01-20 00:00:00+05:30,86.0,89.0,84.55,84.85,4147
ELECTHERM,2012-01-23 00:00:00+05:30,84.1,85.7,83.25,84.8,3092
ELECTHERM,2012-01-24 00:00:00+05:30,84.8,87.9,84.8,85.25,2334
ELECTHERM,2012-01-25 00:00:00+05:30,87.2,87.55,84.15,84.95,6712
ELECTHERM,2012-01-27 00:00:00+05:30,87.95,88.4,84.2,85.55,8703
ELECTHERM,2012-01-30 00:00:00+05:30,88.3,88.3,84.75,85.1,5596
ELECTHERM,2012-01-31 00:00:00+05:30,86.5,88.2,86.05,87.4,13137
ELECTHERM,2012-02-01 00:00:00+05:30,87.4,88.9,85.75,86.65,2290
ELECTHERM,2012-02-02 00:00:00+05:30,86.65,88.0,85.0,85.35,3275
ELECTHERM,2012-02-03 00:00:00+05:30,85.0,87.9,84.6,86.3,7232
ELECTHERM,2012-02-06 00:00:00+05:30,85.2,89.4,85.1,88.5,15005
ELECTHERM,2012-02-07 00:00:00+05:30,85.2,89.7,85.2,86.4,2953
ELECTHERM,2012-02-08 00:00:00+05:30,86.15,86.3,85.1,85.45,29706
ELECTHERM,2012-02-09 00:00:00+05:30,85.5,88.0,85.5,87.6,9990
ELECTHERM,2012-02-10 00:00:00+05:30,87.0,91.95,87.0,90.5,21151
ELECTHERM,2012-02-13 00:00:00+05:30,90.45,95.0,90.45,92.5,7747
ELECTHERM,2012-02-14 00:00:00+05:30,90.5,94.25,90.5,92.9,1967
ELECTHERM,2012-02-15 00:00:00+05:30,92.0,94.5,91.5,91.7,5321
ELECTHERM,2012-02-16 00:00:00+05:30,91.1,94.4,90.4,93.2,3584
ELECTHERM,2012-02-17 00:00:00+05:30,97.85,97.85,96.05,96.8,8992
ELECTHERM,2012-02-21 00:00:00+05:30,97.0,99.85,95.0,95.5,6264
ELECTHERM,2012-02-22 00:00:00+05:30,97.45,97.45,90.75,90.75,7557
ELECTHERM,2012-02-23 00:00:00+05:30,87.0,89.0,86.5,87.6,2916
ELECTHERM,2012-02-24 00:00:00+05:30,87.0,91.0,83.3,85.1,9097
ELECTHERM,2012-02-27 00:00:00+05:30,81.65,85.7,81.35,81.85,2672
ELECTHERM,2012-02-28 00:00:00+05:30,81.85,85.75,81.85,83.5,3964
ELECTHERM,2012-02-29 00:00:00+05:30,81.65,87.0,81.65,83.95,1772
ELECTHERM,2012-03-01 00:00:00+05:30,86.0,88.1,86.0,88.1,6858
ELECTHERM,2012-03-02 00:00:00+05:30,92.0,92.5,89.0,90.35,15832
ELECTHERM,2012-03-05 00:00:00+05:30,89.25,90.0,85.95,86.3,5371
ELECTHERM,2012-03-06 00:00:00+05:30,87.9,87.9,83.0,83.8,2840
ELECTHERM,2012-03-07 00:00:00+05:30,81.7,82.1,76.2,77.45,10749
ELECTHERM,2012-03-09 00:00:00+05:30,82.0,82.0,77.5,80.05,5652
ELECTHERM,2012-03-12 00:00:00+05:30,80.0,82.0,78.5,79.2,4827
ELECTHERM,2012-03-13 00:00:00+05:30,83.4,83.4,80.1,80.95,2820
ELECTHERM,2012-03-14 00:00:00+05:30,83.8,83.8,76.0,78.0,4543
ELECTHERM,2012-03-15 00:00:00+05:30,79.4,81.0,78.0,79.3,7723
ELECTHERM,2012-03-16 00:00:00+05:30,82.4,82.4,77.0,78.0,8451
ELECTHERM,2012-03-19 00:00:00+05:30,77.9,79.0,77.0,78.3,3504
ELECTHERM,2012-03-20 00:00:00+05:30,76.4,78.8,75.6,76.2,5152
ELECTHERM,2012-03-21 00:00:00+05:30,76.5,76.5,75.2,76.3,1652
ELECTHERM,2012-03-22 00:00:00+05:30,76.55,76.55,73.0,73.15,4451
ELECTHERM,2012-03-23 00:00:00+05:30,72.2,76.75,69.45,70.05,17411
ELECTHERM,2012-03-26 00:00:00+05:30,73.0,73.0,69.0,69.9,2948
ELECTHERM,2012-03-27 00:00:00+05:30,69.4,70.5,68.2,68.8,1165
ELECTHERM,2012-03-28 00:00:00+05:30,70.0,71.5,66.0,66.4,4243
ELECTHERM,2012-03-29 00:00:00+05:30,65.0,66.3,63.5,64.1,6028
ELECTHERM,2012-03-30 00:00:00+05:30,66.0,69.9,62.0,62.95,9072
ELECTHERM,2012-04-02 00:00:00+05:30,60.3,62.5,58.0,60.7,19699
ELECTHERM,2012-04-03 00:00:00+05:30,62.9,64.0,61.85,62.75,7848
ELECTHERM,2012-04-04 00:00:00+05:30,64.0,66.55,62.75,65.05,9818
ELECTHERM,2012-04-09 00:00:00+05:30,65.0,67.0,64.0,64.3,2953
ELECTHERM,2012-04-10 00:00:00+05:30,63.6,65.0,60.5,62.9,2656
ELECTHERM,2012-04-11 00:00:00+05:30,61.0,63.25,60.5,61.35,2946
ELECTHERM,2012-04-12 00:00:00+05:30,63.5,63.5,61.5,61.9,2649
ELECTHERM,2012-04-13 00:00:00+05:30,62.0,63.8,60.6,61.25,2495
ELECTHERM,2012-04-16 00:00:00+05:30,61.0,67.25,59.5,63.95,7093
ELECTHERM,2012-04-17 00:00:00+05:30,63.0,66.8,62.2,64.75,6847
ELECTHERM,2012-04-18 00:00:00+05:30,63.2,66.3,62.25,62.65,6920
ELECTHERM,2012-04-19 00:00:00+05:30,62.0,64.9,60.65,61.05,3694
ELECTHERM,2012-04-20 00:00:00+05:30,62.0,62.8,60.2,60.9,1157
ELECTHERM,2012-04-23 00:00:00+05:30,61.0,63.0,60.1,60.25,2747
ELECTHERM,2012-04-24 00:00:00+05:30,60.0,61.5,58.75,59.15,1272
ELECTHERM,2012-04-25 00:00:00+05:30,58.15,59.9,58.0,58.5,1669
ELECTHERM,2012-04-26 00:00:00+05:30,60.6,60.6,58.6,58.6,684
ELECTHERM,2012-04-27 00:00:00+05:30,58.5,60.0,57.0,57.6,1200
ELECTHERM,2012-04-30 00:00:00+05:30,54.65,57.0,54.1,54.2,4494
ELECTHERM,2012-05-02 00:00:00+05:30,54.25,55.45,53.5,55.05,3576
ELECTHERM,2012-05-03 00:00:00+05:30,53.25,55.95,53.25,55.65,1364
ELECTHERM,2012-05-04 00:00:00+05:30,54.15,55.95,51.95,52.55,2533
ELECTHERM,2012-05-07 00:00:00+05:30,50.65,51.0,49.15,50.0,2545
ELECTHERM,2012-05-08 00:00:00+05:30,48.75,55.0,48.0,49.3,5113
ELECTHERM,2012-05-09 00:00:00+05:30,49.95,50.45,48.15,48.55,1101
ELECTHERM,2012-05-10 00:00:00+05:30,48.0,56.0,48.0,53.05,4671
ELECTHERM,2012-05-11 00:00:00+05:30,58.0,58.0,51.0,51.55,2015
ELECTHERM,2012-05-14 00:00:00+05:30,51.0,51.0,47.5,48.55,4536
ELECTHERM,2012-05-15 00:00:00+05:30,45.2,47.9,43.5,44.9,14342
ELECTHERM,2012-05-16 00:00:00+05:30,42.5,44.9,41.6,43.6,6445
ELECTHERM,2012-05-17 00:00:00+05:30,44.9,47.0,44.15,44.15,2524
ELECTHERM,2012-05-18 00:00:00+05:30,44.15,44.15,41.55,42.85,10639
ELECTHERM,2012-05-21 00:00:00+05:30,44.0,46.0,42.5,44.05,2590
ELECTHERM,2012-05-22 00:00:00+05:30,45.0,46.25,43.25,43.35,2325
ELECTHERM,2012-05-23 00:00:00+05:30,43.05,45.6,42.7,44.05,1794
ELECTHERM,2012-05-24 00:00:00+05:30,45.8,45.8,43.5,43.75,904
ELECTHERM,2012-05-25 00:00:00+05:30,44.1,52.5,43.25,50.65,11324
ELECTHERM,2012-05-28 00:00:00+05:30,57.3,60.75,55.8,60.75,113744
ELECTHERM,2012-05-29 00:00:00+05:30,63.5,72.9,62.95,72.65,414308
ELECTHERM,2012-05-30 00:00:00+05:30,70.5,74.7,65.65,66.5,146379
ELECTHERM,2012-05-31 00:00:00+05:30,66.75,66.75,62.1,64.15,22322
ELECTHERM,2012-06-01 00:00:00+05:30,64.95,70.4,60.5,62.65,13266
ELECTHERM,2012-06-04 00:00:00+05:30,59.25,60.55,57.25,58.4,4664
ELECTHERM,2012-06-05 00:00:00+05:30,57.8,59.9,55.1,55.45,5191
ELECTHERM,2012-06-06 00:00:00+05:30,57.45,57.5,55.0,55.25,2823
ELECTHERM,2012-06-07 00:00:00+05:30,56.4,56.4,54.0,54.85,3023
ELECTHERM,2012-06-08 00:00:00+05:30,52.35,56.85,52.15,52.55,2264
ELECTHERM,2012-06-11 00:00:00+05:30,52.2,52.2,50.0,51.2,2557
ELECTHERM,2012-06-12 00:00:00+05:30,51.2,52.0,49.5,51.2,1910
ELECTHERM,2012-06-13 00:00:00+05:30,51.2,51.2,48.75,50.0,1191
ELECTHERM,2012-06-14 00:00:00+05:30,49.8,51.5,48.5,48.55,1388
ELECTHERM,2012-06-15 00:00:00+05:30,49.0,49.0,47.5,48.05,818
ELECTHERM,2012-06-18 00:00:00+05:30,49.0,49.75,46.55,48.1,1052
ELECTHERM,2012-06-19 00:00:00+05:30,45.9,50.5,45.8,49.5,575
ELECTHERM,2012-06-20 00:00:00+05:30,48.3,51.0,48.3,48.65,303
ELECTHERM,2012-06-21 00:00:00+05:30,49.75,50.5,47.5,50.5,1600
ELECTHERM,2012-06-22 00:00:00+05:30,48.5,51.75,48.5,48.75,600
ELECTHERM,2012-06-25 00:00:00+05:30,51.15,51.15,49.35,50.0,1352
ELECTHERM,2012-06-26 00:00:00+05:30,50.0,50.0,48.25,48.25,203
ELECTHERM,2012-06-27 00:00:00+05:30,47.8,50.5,47.8,50.4,1298
ELECTHERM,2012-06-28 00:00:00+05:30,50.0,51.55,49.45,50.6,957
ELECTHERM,2012-06-29 00:00:00+05:30,50.6,53.1,50.05,52.85,2506
ELECTHERM,2012-07-02 00:00:00+05:30,55.0,55.0,52.0,54.55,2985
ELECTHERM,2012-07-03 00:00:00+05:30,54.45,54.45,53.05,53.05,200
ELECTHERM,2012-07-04 00:00:00+05:30,53.25,55.7,53.25,54.0,2156
ELECTHERM,2012-07-05 00:00:00+05:30,53.3,56.7,53.3,55.35,2667
ELECTHERM,2012-07-06 00:00:00+05:30,55.35,58.1,55.35,57.75,4420
ELECTHERM,2012-07-09 00:00:00+05:30,59.65,60.6,56.0,60.6,5252
ELECTHERM,2012-07-10 00:00:00+05:30,60.0,60.0,58.5,58.8,861
ELECTHERM,2012-07-11 00:00:00+05:30,56.1,59.0,56.1,56.6,622
ELECTHERM,2012-07-12 00:00:00+05:30,56.65,56.65,54.3,55.7,1596
ELECTHERM,2012-07-13 00:00:00+05:30,55.15,55.5,55.0,55.5,525
ELECTHERM,2012-07-16 00:00:00+05:30,53.15,57.9,53.15,53.7,769
ELECTHERM,2012-07-17 00:00:00+05:30,56.0,56.0,52.35,52.55,1005
ELECTHERM,2012-07-18 00:00:00+05:30,51.1,53.8,51.1,51.4,686
ELECTHERM,2012-07-19 00:00:00+05:30,53.75,53.75,50.55,50.55,136
ELECTHERM,2012-07-20 00:00:00+05:30,49.65,52.75,49.65,51.4,235
ELECTHERM,2012-07-23 00:00:00+05:30,52.3,52.4,50.15,52.4,226
ELECTHERM,2012-07-24 00:00:00+05:30,50.0,50.7,49.8,50.0,665
ELECTHERM,2012-07-25 00:00:00+05:30,48.0,52.2,48.0,52.2,335
ELECTHERM,2012-07-26 00:00:00+05:30,50.1,50.1,50.0,50.1,360
ELECTHERM,2012-07-27 00:00:00+05:30,52.0,52.0,49.0,49.95,968
ELECTHERM,2012-07-30 00:00:00+05:30,50.1,50.1,50.1,50.1,100
ELECTHERM,2012-07-31 00:00:00+05:30,50.2,51.45,47.6,50.95,307
ELECTHERM,2012-08-01 00:00:00+05:30,49.0,51.5,49.0,51.45,352
ELECTHERM,2012-08-02 00:00:00+05:30,49.1,49.15,48.9,48.9,523
ELECTHERM,2012-08-03 00:00:00+05:30,50.4,50.4,48.4,50.3,386
ELECTHERM,2012-08-06 00:00:00+05:30,50.4,50.4,48.1,50.4,221
ELECTHERM,2012-08-07 00:00:00+05:30,50.8,52.9,50.0,50.05,477
ELECTHERM,2012-08-08 00:00:00+05:30,52.45,52.45,49.1,50.5,651
ELECTHERM,2012-08-09 00:00:00+05:30,48.0,49.0,48.0,49.0,121
ELECTHERM,2012-08-10 00:00:00+05:30,51.45,51.45,49.0,49.05,919
ELECTHERM,2012-08-13 00:00:00+05:30,51.4,51.4,48.9,50.4,621
ELECTHERM,2012-08-14 00:00:00+05:30,50.0,50.0,48.5,48.85,776
ELECTHERM,2012-08-16 00:00:00+05:30,49.0,49.8,47.65,49.0,286
ELECTHERM,2012-08-17 00:00:00+05:30,48.9,49.5,47.1,48.5,741
ELECTHERM,2012-08-21 00:00:00+05:30,48.5,49.4,48.1,48.95,676
ELECTHERM,2012-08-22 00:00:00+05:30,47.8,48.8,47.0,48.4,826
ELECTHERM,2012-08-23 00:00:00+05:30,47.5,48.95,46.5,47.6,556
ELECTHERM,2012-08-24 00:00:00+05:30,49.85,49.85,47.0,47.0,634
ELECTHERM,2012-08-27 00:00:00+05:30,45.5,48.95,45.5,46.15,750
ELECTHERM,2012-08-28 00:00:00+05:30,45.8,45.8,43.85,45.8,5064
ELECTHERM,2012-08-29 00:00:00+05:30,44.4,47.4,44.4,47.4,83
ELECTHERM,2012-08-30 00:00:00+05:30,47.0,47.0,45.05,45.05,76
ELECTHERM,2012-08-31 00:00:00+05:30,45.95,46.5,45.0,46.5,486
ELECTHERM,2012-09-03 00:00:00+05:30,45.75,47.0,44.2,45.05,2179
ELECTHERM,2012-09-04 00:00:00+05:30,44.8,46.0,44.05,45.85,631
ELECTHERM,2012-09-05 00:00:00+05:30,44.2,45.5,44.2,44.6,663
ELECTHERM,2012-09-06 00:00:00+05:30,44.45,45.4,43.75,45.35,906
ELECTHERM,2012-09-07 00:00:00+05:30,45.6,47.25,44.25,46.75,2144
ELECTHERM,2012-09-10 00:00:00+05:30,46.9,51.75,46.0,51.75,11130
ELECTHERM,2012-09-11 00:00:00+05:30,51.25,51.75,47.55,48.7,2295
ELECTHERM,2012-09-12 00:00:00+05:30,48.6,51.0,48.1,48.6,1504
ELECTHERM,2012-09-13 00:00:00+05:30,47.0,48.5,47.0,47.9,536
ELECTHERM,2012-09-14 00:00:00+05:30,48.0,52.0,47.25,49.4,2857
ELECTHERM,2012-09-17 00:00:00+05:30,48.0,50.0,46.15,46.95,7008
ELECTHERM,2012-09-18 00:00:00+05:30,49.0,50.0,47.05,47.9,1462
ELECTHERM,2012-09-20 00:00:00+05:30,48.2,49.0,46.95,47.0,2617
ELECTHERM,2012-09-21 00:00:00+05:30,47.0,50.5,47.0,49.55,3937
ELECTHERM,2012-09-24 00:00:00+05:30,48.9,51.55,48.7,49.85,5065
ELECTHERM,2012-09-25 00:00:00+05:30,49.65,52.5,49.65,50.9,3603
ELECTHERM,2012-09-26 00:00:00+05:30,50.0,51.4,49.85,49.85,204
ELECTHERM,2012-09-27 00:00:00+05:30,52.65,52.8,49.55,50.0,1736
ELECTHERM,2012-09-28 00:00:00+05:30,52.5,52.5,50.2,51.2,2265
ELECTHERM,2012-10-01 00:00:00+05:30,54.0,54.0,50.5,50.75,1143
ELECTHERM,2012-10-03 00:00:00+05:30,53.0,53.55,50.9,52.05,5129
ELECTHERM,2012-10-04 00:00:00+05:30,51.7,55.4,51.65,54.3,3160
ELECTHERM,2012-10-05 00:00:00+05:30,55.55,59.7,55.55,57.2,9269
ELECTHERM,2012-10-08 00:00:00+05:30,60.0,60.0,56.0,56.25,8310
ELECTHERM,2012-10-09 00:00:00+05:30,60.0,60.0,55.6,56.85,902
ELECTHERM,2012-10-10 00:00:00+05:30,55.0,58.5,55.0,56.1,1669
ELECTHERM,2012-10-11 00:00:00+05:30,55.0,55.1,52.0,52.3,5107
ELECTHERM,2012-10-12 00:00:00+05:30,52.0,53.95,52.0,52.55,1219
ELECTHERM,2012-10-15 00:00:00+05:30,52.0,52.0,49.5,50.0,8985
ELECTHERM,2012-10-16 00:00:00+05:30,50.0,51.35,49.15,49.9,3805
ELECTHERM,2012-10-17 00:00:00+05:30,49.7,50.0,48.65,48.8,1057
ELECTHERM,2012-10-18 00:00:00+05:30,49.0,51.5,49.0,49.8,479
ELECTHERM,2012-10-19 00:00:00+05:30,49.2,50.0,48.8,49.6,2732
ELECTHERM,2012-10-22 00:00:00+05:30,49.6,50.0,49.1,49.3,1625
ELECTHERM,2012-10-23 00:00:00+05:30,49.1,50.8,47.55,48.1,1230
ELECTHERM,2012-10-25 00:00:00+05:30,46.85,49.0,46.8,48.15,613
ELECTHERM,2012-10-26 00:00:00+05:30,47.05,51.0,47.0,47.4,727
ELECTHERM,2012-10-29 00:00:00+05:30,46.85,47.5,46.1,46.25,2506
ELECTHERM,2012-10-30 00:00:00+05:30,48.7,48.7,45.0,45.45,1573
ELECTHERM,2012-10-31 00:00:00+05:30,49.95,49.95,44.0,45.65,1295
ELECTHERM,2012-11-01 00:00:00+05:30,45.0,45.9,45.0,45.9,1648
ELECTHERM,2012-11-02 00:00:00+05:30,45.85,49.75,45.8,47.3,1666
ELECTHERM,2012-11-05 00:00:00+05:30,47.3,49.5,45.4,45.6,3192
ELECTHERM,2012-11-06 00:00:00+05:30,47.0,47.45,45.1,47.4,2200
ELECTHERM,2012-11-07 00:00:00+05:30,47.1,56.85,47.1,52.15,44216
ELECTHERM,2012-11-08 00:00:00+05:30,51.95,54.0,49.1,53.1,26214
ELECTHERM,2012-11-09 00:00:00+05:30,51.25,61.0,51.05,59.6,44987
ELECTHERM,2012-11-12 00:00:00+05:30,61.0,66.2,60.7,62.25,123804
ELECTHERM,2012-11-13 00:00:00+05:30,64.75,64.8,62.3,63.35,7234
ELECTHERM,2012-11-15 00:00:00+05:30,62.0,63.8,55.0,55.85,19176
ELECTHERM,2012-11-16 00:00:00+05:30,56.0,58.5,55.15,58.15,11008
ELECTHERM,2012-11-19 00:00:00+05:30,57.5,57.5,46.65,54.1,22632
ELECTHERM,2012-11-20 00:00:00+05:30,54.0,56.0,50.3,51.55,4637
ELECTHERM,2012-11-21 00:00:00+05:30,50.0,54.0,50.0,51.55,6361
ELECTHERM,2012-11-22 00:00:00+05:30,51.55,53.9,51.2,51.9,4156
ELECTHERM,2012-11-23 00:00:00+05:30,50.0,52.5,49.35,49.35,949
ELECTHERM,2012-11-26 00:00:00+05:30,48.5,50.8,47.5,50.55,2408
ELECTHERM,2012-11-27 00:00:00+05:30,49.5,53.05,48.1,53.05,3418
ELECTHERM,2012-11-29 00:00:00+05:30,50.5,51.95,50.5,50.5,415
ELECTHERM,2012-11-30 00:00:00+05:30,50.5,51.9,49.1,50.0,1358
ELECTHERM,2012-12-03 00:00:00+05:30,48.15,51.7,48.1,50.95,2063
ELECTHERM,2012-12-04 00:00:00+05:30,48.5,52.5,48.5,51.25,3605
ELECTHERM,2012-12-05 00:00:00+05:30,48.75,52.8,48.75,50.5,957
ELECTHERM,2012-12-06 00:00:00+05:30,49.55,51.85,49.55,51.05,1320
ELECTHERM,2012-12-07 00:00:00+05:30,48.5,51.45,48.5,49.65,1920
ELECTHERM,2012-12-10 00:00:00+05:30,47.85,52.1,47.25,51.4,1907
ELECTHERM,2012-12-11 00:00:00+05:30,51.0,51.0,49.55,49.7,666
ELECTHERM,2012-12-12 00:00:00+05:30,49.15,50.0,49.15,50.0,476
ELECTHERM,2012-12-13 00:00:00+05:30,49.05,51.45,49.0,49.2,873
ELECTHERM,2012-12-14 00:00:00+05:30,50.0,50.0,49.05,49.05,200
ELECTHERM,2012-12-17 00:00:00+05:30,49.05,50.0,49.05,49.15,1691
ELECTHERM,2012-12-18 00:00:00+05:30,49.2,50.0,48.9,49.35,2200
ELECTHERM,2012-12-19 00:00:00+05:30,48.0,50.65,48.0,49.3,2098
ELECTHERM,2012-12-20 00:00:00+05:30,50.45,51.35,48.8,48.95,1810
ELECTHERM,2012-12-21 00:00:00+05:30,50.95,51.0,48.2,48.55,853
ELECTHERM,2012-12-24 00:00:00+05:30,48.0,49.35,47.7,47.7,956
ELECTHERM,2012-12-26 00:00:00+05:30,47.0,48.1,47.0,47.95,493
ELECTHERM,2012-12-27 00:00:00+05:30,50.0,50.0,47.05,47.35,1386
ELECTHERM,2012-12-28 00:00:00+05:30,48.9,48.9,47.0,47.0,1460
ELECTHERM,2012-12-31 00:00:00+05:30,46.1,48.85,46.1,46.35,1443
ELECTHERM,2013-01-01 00:00:00+05:30,46.0,48.5,45.8,48.45,269
ELECTHERM,2013-01-02 00:00:00+05:30,46.75,49.0,46.7,47.0,661
ELECTHERM,2013-01-03 00:00:00+05:30,46.45,47.6,46.45,47.1,712
ELECTHERM,2013-01-04 00:00:00+05:30,46.5,48.85,46.4,48.4,750
ELECTHERM,2013-01-07 00:00:00+05:30,46.8,48.8,46.8,47.6,1460
ELECTHERM,2013-01-08 00:00:00+05:30,47.95,48.95,47.15,48.95,960
ELECTHERM,2013-01-09 00:00:00+05:30,48.05,49.5,48.05,49.5,2505
ELECTHERM,2013-01-10 00:00:00+05:30,49.85,50.45,48.0,48.7,1535
ELECTHERM,2013-01-11 00:00:00+05:30,49.85,49.95,46.3,46.65,2416
ELECTHERM,2013-01-14 00:00:00+05:30,46.0,46.05,46.0,46.05,100
ELECTHERM,2013-01-15 00:00:00+05:30,46.55,47.75,46.55,46.65,807
ELECTHERM,2013-01-16 00:00:00+05:30,46.6,47.6,44.4,45.15,913
ELECTHERM,2013-01-17 00:00:00+05:30,46.9,46.9,44.1,45.9,501
ELECTHERM,2013-01-18 00:00:00+05:30,44.25,44.5,43.65,43.65,2785
ELECTHERM,2013-01-21 00:00:00+05:30,43.65,44.0,42.0,42.1,2872
ELECTHERM,2013-01-22 00:00:00+05:30,42.25,44.0,40.0,40.15,3582
ELECTHERM,2013-01-23 00:00:00+05:30,40.0,40.0,38.15,39.2,2815
ELECTHERM,2013-01-24 00:00:00+05:30,38.2,38.2,37.25,37.3,2282
ELECTHERM,2013-01-25 00:00:00+05:30,35.45,35.5,35.45,35.45,3329
ELECTHERM,2013-01-28 00:00:00+05:30,33.75,35.0,33.7,33.7,2429
ELECTHERM,2013-01-29 00:00:00+05:30,32.05,32.05,32.05,32.05,3852
ELECTHERM,2013-01-30 00:00:00+05:30,30.45,30.45,30.45,30.45,2255
ELECTHERM,2013-01-31 00:00:00+05:30,28.95,28.95,28.95,28.95,4315
ELECTHERM,2013-02-01 00:00:00+05:30,27.55,30.35,27.55,29.75,7546
ELECTHERM,2013-02-04 00:00:00+05:30,31.2,31.2,29.2,29.5,2979
ELECTHERM,2013-02-05 00:00:00+05:30,29.0,29.0,28.05,28.05,1924
ELECTHERM,2013-02-06 00:00:00+05:30,26.65,26.65,26.65,26.65,1971
ELECTHERM,2013-02-07 00:00:00+05:30,25.35,26.95,25.35,25.35,4787
ELECTHERM,2013-02-08 00:00:00+05:30,25.0,25.0,24.1,24.1,2529
ELECTHERM,2013-02-11 00:00:00+05:30,22.9,22.9,22.9,22.9,1852
ELECTHERM,2013-02-12 00:00:00+05:30,21.8,21.8,21.8,21.8,2680
ELECTHERM,2013-02-13 00:00:00+05:30,21.0,22.85,20.75,22.85,1043
ELECTHERM,2013-02-14 00:00:00+05:30,23.0,23.9,21.75,21.75,3755
ELECTHERM,2013-02-15 00:00:00+05:30,20.7,22.8,20.7,20.7,1819
ELECTHERM,2013-02-18 00:00:00+05:30,20.0,21.7,20.0,21.7,1250
ELECTHERM,2013-02-19 00:00:00+05:30,21.0,22.75,21.0,22.75,408
ELECTHERM,2013-02-20 00:00:00+05:30,23.85,23.85,23.85,23.85,522
ELECTHERM,2013-02-21 00:00:00+05:30,23.0,25.0,23.0,25.0,503
ELECTHERM,2013-02-22 00:00:00+05:30,24.0,26.25,24.0,26.25,1594
ELECTHERM,2013-02-25 00:00:00+05:30,27.35,27.55,27.35,27.55,953
ELECTHERM,2013-02-26 00:00:00+05:30,27.55,28.85,26.2,26.2,1105
ELECTHERM,2013-02-27 00:00:00+05:30,25.0,26.0,24.9,24.9,399
ELECTHERM,2013-02-28 00:00:00+05:30,23.7,25.9,23.7,23.95,1160
ELECTHERM,2013-03-01 00:00:00+05:30,23.0,25.1,23.0,25.0,337
ELECTHERM,2013-03-04 00:00:00+05:30,25.0,25.05,23.75,23.75,679
ELECTHERM,2013-03-05 00:00:00+05:30,23.0,24.65,23.0,24.0,327
ELECTHERM,2013-03-06 00:00:00+05:30,25.15,25.2,23.65,24.45,3136
ELECTHERM,2013-03-07 00:00:00+05:30,25.5,25.5,24.0,24.65,885
ELECTHERM,2013-03-08 00:00:00+05:30,25.8,25.85,25.65,25.85,819
ELECTHERM,2013-03-11 00:00:00+05:30,26.9,26.95,25.1,25.1,517
ELECTHERM,2013-03-12 00:00:00+05:30,25.0,26.35,25.0,26.35,529
ELECTHERM,2013-03-13 00:00:00+05:30,26.3,27.5,25.5,25.55,1506
ELECTHERM,2013-03-14 00:00:00+05:30,26.7,26.7,24.3,24.4,1223
ELECTHERM,2013-03-15 00:00:00+05:30,23.2,24.9,23.2,23.25,4503
ELECTHERM,2013-03-18 00:00:00+05:30,24.4,24.4,23.0,23.0,2124
ELECTHERM,2013-03-19 00:00:00+05:30,24.15,24.15,22.3,24.1,523
ELECTHERM,2013-03-20 00:00:00+05:30,24.1,25.0,22.9,22.9,1120
ELECTHERM,2013-03-21 00:00:00+05:30,22.15,23.9,22.0,22.55,5166
ELECTHERM,2013-03-22 00:00:00+05:30,22.15,22.6,21.45,21.45,2554
ELECTHERM,2013-03-25 00:00:00+05:30,20.55,21.55,20.4,21.15,1958
ELECTHERM,2013-03-26 00:00:00+05:30,20.45,20.5,20.25,20.25,1842
ELECTHERM,2013-03-28 00:00:00+05:30,21.2,21.25,20.2,21.05,1064
ELECTHERM,2013-04-01 00:00:00+05:30,20.5,22.1,20.5,22.1,1200
ELECTHERM,2013-04-02 00:00:00+05:30,21.4,23.2,21.4,23.2,1935
ELECTHERM,2013-04-03 00:00:00+05:30,23.25,24.35,23.25,24.35,2709
ELECTHERM,2013-04-04 00:00:00+05:30,23.15,25.55,23.15,25.1,2546
ELECTHERM,2013-04-05 00:00:00+05:30,24.05,24.95,23.85,24.35,2060
ELECTHERM,2013-04-08 00:00:00+05:30,24.25,24.25,23.15,24.35,130
ELECTHERM,2013-04-09 00:00:00+05:30,24.25,24.25,24.25,24.35,575
ELECTHERM,2013-04-10 00:00:00+05:30,24.3,25.0,24.3,24.35,273
ELECTHERM,2013-04-11 00:00:00+05:30,24.5,24.5,24.5,24.5,635
ELECTHERM,2013-04-12 00:00:00+05:30,24.5,24.5,23.7,23.7,400
ELECTHERM,2013-04-15 00:00:00+05:30,24.5,24.5,23.7,23.7,0
ELECTHERM,2013-04-16 00:00:00+05:30,23.15,23.15,23.15,23.15,100
ELECTHERM,2013-04-17 00:00:00+05:30,23.2,23.2,23.2,23.2,100
ELECTHERM,2013-04-18 00:00:00+05:30,22.05,22.05,22.05,22.05,250
ELECTHERM,2013-04-22 00:00:00+05:30,22.05,22.05,22.05,22.05,0
ELECTHERM,2013-04-23 00:00:00+05:30,22.05,22.05,22.05,22.05,0
ELECTHERM,2013-04-25 00:00:00+05:30,22.05,22.05,22.05,22.05,0
ELECTHERM,2013-04-26 00:00:00+05:30,23.0,23.0,23.0,23.0,10
ELECTHERM,2013-04-29 00:00:00+05:30,23.0,23.0,23.0,23.0,0
ELECTHERM,2013-04-30 00:00:00+05:30,22.0,22.0,21.9,21.9,125
ELECTHERM,2013-05-02 00:00:00+05:30,20.85,20.85,20.85,20.85,167
ELECTHERM,2013-05-03 00:00:00+05:30,19.85,19.85,19.85,19.85,199
ELECTHERM,2013-05-06 00:00:00+05:30,19.8,19.8,19.0,19.0,150
ELECTHERM,2013-05-07 00:00:00+05:30,18.05,18.05,18.05,18.05,100
ELECTHERM,2013-05-08 00:00:00+05:30,18.05,18.05,18.05,18.05,100
ELECTHERM,2013-05-09 00:00:00+05:30,18.8,18.8,17.2,17.8,553
ELECTHERM,2013-05-10 00:00:00+05:30,18.6,18.6,17.35,17.5,950
ELECTHERM,2013-05-13 00:00:00+05:30,17.1,17.6,17.1,17.6,100
ELECTHERM,2013-05-14 00:00:00+05:30,17.0,17.0,17.0,17.0,1
ELECTHERM,2013-05-15 00:00:00+05:30,17.5,17.5,17.05,17.05,224
ELECTHERM,2013-05-16 00:00:00+05:30,17.8,17.8,17.8,17.8,203
ELECTHERM,2013-05-17 00:00:00+05:30,17.5,17.5,17.25,17.25,250
ELECTHERM,2013-05-20 00:00:00+05:30,18.0,18.0,18.0,18.0,2
ELECTHERM,2013-05-21 00:00:00+05:30,18.0,18.0,18.0,18.0,225
ELECTHERM,2013-05-22 00:00:00+05:30,17.15,17.35,17.15,17.35,264
ELECTHERM,2013-05-23 00:00:00+05:30,17.5,17.5,17.5,17.5,100
ELECTHERM,2013-05-24 00:00:00+05:30,17.5,17.5,17.5,17.5,0
ELECTHERM,2013-05-27 00:00:00+05:30,17.55,18.2,17.55,18.2,62
ELECTHERM,2013-05-28 00:00:00+05:30,17.55,18.2,17.55,18.2,0
ELECTHERM,2013-05-29 00:00:00+05:30,17.55,18.2,17.55,18.2,0
ELECTHERM,2013-05-30 00:00:00+05:30,17.55,18.2,17.55,18.2,0
ELECTHERM,2013-05-31 00:00:00+05:30,17.55,18.2,17.55,18.2,0
ELECTHERM,2013-06-03 00:00:00+05:30,18.2,18.2,18.2,18.2,2
ELECTHERM,2013-06-04 00:00:00+05:30,19.0,19.1,18.8,18.8,173
ELECTHERM,2013-06-05 00:00:00+05:30,19.0,19.1,18.8,18.8,0
ELECTHERM,2013-06-06 00:00:00+05:30,18.1,19.45,17.95,19.45,260
ELECTHERM,2013-06-07 00:00:00+05:30,20.1,20.1,20.1,20.1,1
ELECTHERM,2013-06-10 00:00:00+05:30,20.1,20.1,19.1,19.1,102
ELECTHERM,2013-06-11 00:00:00+05:30,18.15,19.0,18.15,19.0,600
ELECTHERM,2013-06-12 00:00:00+05:30,18.05,18.05,18.05,18.05,101
ELECTHERM,2013-06-13 00:00:00+05:30,18.05,18.05,18.05,18.05,0
ELECTHERM,2013-06-14 00:00:00+05:30,18.05,18.05,18.05,18.05,0
ELECTHERM,2013-06-17 00:00:00+05:30,18.95,18.95,17.2,17.2,21
ELECTHERM,2013-06-18 00:00:00+05:30,18.05,18.05,18.05,18.05,1
ELECTHERM,2013-06-19 00:00:00+05:30,18.05,18.05,18.05,18.05,0
ELECTHERM,2013-06-20 00:00:00+05:30,17.15,17.15,17.15,17.15,150
ELECTHERM,2013-06-21 00:00:00+05:30,18.0,18.0,18.0,18.0,22
ELECTHERM,2013-06-24 00:00:00+05:30,18.75,18.9,18.75,18.9,2
ELECTHERM,2013-06-25 00:00:00+05:30,18.75,18.9,18.75,18.9,0
ELECTHERM,2013-06-26 00:00:00+05:30,19.75,19.75,18.0,18.0,2
ELECTHERM,2013-06-27 00:00:00+05:30,19.75,19.75,18.0,18.0,0
ELECTHERM,2013-06-28 00:00:00+05:30,19.75,19.75,18.0,18.0,0
ELECTHERM,2013-07-01 00:00:00+05:30,19.75,19.75,18.0,18.0,0
ELECTHERM,2013-07-02 00:00:00+05:30,19.75,19.75,18.0,18.0,0
ELECTHERM,2013-07-03 00:00:00+05:30,17.15,17.15,17.1,17.1,204
ELECTHERM,2013-07-04 00:00:00+05:30,16.25,17.5,16.25,17.5,12
ELECTHERM,2013-07-05 00:00:00+05:30,16.65,16.65,16.65,16.65,12
ELECTHERM,2013-07-08 00:00:00+05:30,16.65,16.65,16.65,16.65,60
ELECTHERM,2013-07-09 00:00:00+05:30,16.65,16.65,16.65,16.65,0
ELECTHERM,2013-07-10 00:00:00+05:30,16.65,16.65,16.65,16.65,0
ELECTHERM,2013-07-11 00:00:00+05:30,16.0,16.0,15.95,15.95,354
ELECTHERM,2013-07-12 00:00:00+05:30,16.0,16.0,15.95,15.95,0
ELECTHERM,2013-07-15 00:00:00+05:30,16.0,16.0,15.95,15.95,0
ELECTHERM,2013-07-16 00:00:00+05:30,15.95,16.0,15.95,16.0,53
ELECTHERM,2013-07-17 00:00:00+05:30,15.95,16.0,15.95,16.0,0
ELECTHERM,2013-07-18 00:00:00+05:30,15.95,16.0,15.95,16.0,0
ELECTHERM,2013-07-19 00:00:00+05:30,16.8,16.8,16.8,16.8,1
ELECTHERM,2013-07-22 00:00:00+05:30,17.6,17.6,16.5,16.5,164
ELECTHERM,2013-07-23 00:00:00+05:30,17.6,17.6,16.5,16.5,0
ELECTHERM,2013-07-24 00:00:00+05:30,15.7,16.9,15.7,16.9,1641
ELECTHERM,2013-07-25 00:00:00+05:30,15.7,16.9,15.7,16.9,0
ELECTHERM,2013-07-26 00:00:00+05:30,15.7,16.9,15.7,16.9,0
ELECTHERM,2013-07-29 00:00:00+05:30,17.7,17.7,17.7,17.7,2
ELECTHERM,2013-07-30 00:00:00+05:30,17.7,17.7,17.7,17.7,0
ELECTHERM,2013-07-31 00:00:00+05:30,17.7,17.7,17.7,17.7,0
ELECTHERM,2013-08-01 00:00:00+05:30,17.7,17.7,17.7,17.7,0
ELECTHERM,2013-08-02 00:00:00+05:30,17.0,17.0,17.0,17.0,148
ELECTHERM,2013-08-05 00:00:00+05:30,16.8,16.8,16.8,16.8,30
ELECTHERM,2013-08-06 00:00:00+05:30,16.85,16.85,16.45,16.45,300
ELECTHERM,2013-08-07 00:00:00+05:30,15.8,16.45,15.65,16.45,320
ELECTHERM,2013-08-08 00:00:00+05:30,15.65,15.7,15.65,15.7,143
ELECTHERM,2013-08-12 00:00:00+05:30,15.1,15.1,15.1,15.1,410
ELECTHERM,2013-08-13 00:00:00+05:30,15.85,15.85,15.8,15.8,720
ELECTHERM,2013-08-14 00:00:00+05:30,15.75,15.75,15.75,15.75,200
ELECTHERM,2013-08-16 00:00:00+05:30,15.75,15.75,15.75,15.75,0
ELECTHERM,2013-08-19 00:00:00+05:30,15.75,15.75,15.75,15.75,0
ELECTHERM,2013-08-20 00:00:00+05:30,16.0,16.0,15.8,15.8,264
ELECTHERM,2013-08-21 00:00:00+05:30,15.7,15.7,15.7,15.7,10
ELECTHERM,2013-08-22 00:00:00+05:30,16.3,16.3,16.3,16.3,400
ELECTHERM,2013-08-23 00:00:00+05:30,16.3,16.3,16.3,16.3,0
ELECTHERM,2013-08-26 00:00:00+05:30,16.5,16.5,16.5,16.5,200
ELECTHERM,2013-08-27 00:00:00+05:30,15.7,15.7,15.7,15.7,65
ELECTHERM,2013-08-28 00:00:00+05:30,15.5,15.5,15.5,15.5,15
ELECTHERM,2013-08-29 00:00:00+05:30,15.5,15.5,15.5,15.5,0
ELECTHERM,2013-08-30 00:00:00+05:30,14.75,14.75,14.75,14.75,5
ELECTHERM,2013-09-02 00:00:00+05:30,14.75,14.75,14.75,14.75,0
ELECTHERM,2013-09-03 00:00:00+05:30,14.75,14.75,14.75,14.75,0
ELECTHERM,2013-09-04 00:00:00+05:30,14.05,14.05,14.05,14.05,200
ELECTHERM,2013-09-05 00:00:00+05:30,14.5,14.5,14.4,14.45,300
ELECTHERM,2013-09-06 00:00:00+05:30,14.5,14.5,14.4,14.45,0
ELECTHERM,2013-09-10 00:00:00+05:30,14.5,14.5,14.4,14.45,0
ELECTHERM,2013-09-11 00:00:00+05:30,15.1,15.1,13.75,13.75,300
ELECTHERM,2013-09-12 00:00:00+05:30,14.4,14.4,14.4,14.4,211
ELECTHERM,2013-09-13 00:00:00+05:30,14.4,14.4,14.4,14.4,0
ELECTHERM,2013-09-16 00:00:00+05:30,14.0,14.0,14.0,14.0,300
ELECTHERM,2013-09-17 00:00:00+05:30,14.0,14.0,14.0,14.0,0
ELECTHERM,2013-09-18 00:00:00+05:30,13.3,14.0,13.3,13.3,437
ELECTHERM,2013-09-19 00:00:00+05:30,13.3,14.0,13.3,13.3,0
ELECTHERM,2013-09-20 00:00:00+05:30,13.3,14.0,13.3,13.3,0
ELECTHERM,2013-09-23 00:00:00+05:30,13.95,13.95,13.95,13.95,785
ELECTHERM,2013-09-24 00:00:00+05:30,14.6,14.6,14.6,14.6,250
ELECTHERM,2013-09-25 00:00:00+05:30,14.6,14.6,14.6,14.6,0
ELECTHERM,2013-09-26 00:00:00+05:30,14.3,14.3,14.3,14.3,51
ELECTHERM,2013-09-27 00:00:00+05:30,13.95,13.95,13.6,13.6,214
ELECTHERM,2013-09-30 00:00:00+05:30,13.95,13.95,13.6,13.6,0
ELECTHERM,2013-10-01 00:00:00+05:30,13.65,13.65,13.65,13.65,75
ELECTHERM,2013-10-03 00:00:00+05:30,14.3,14.3,14.3,14.3,20
ELECTHERM,2013-10-04 00:00:00+05:30,14.3,14.8,13.65,13.65,71
ELECTHERM,2013-10-07 00:00:00+05:30,13.65,13.65,13.65,13.65,14
ELECTHERM,2013-10-08 00:00:00+05:30,13.65,14.3,13.65,14.3,350
ELECTHERM,2013-10-09 00:00:00+05:30,14.3,14.3,14.0,14.0,116
ELECTHERM,2013-10-10 00:00:00+05:30,13.35,13.35,13.35,13.35,1
ELECTHERM,2013-10-11 00:00:00+05:30,14.0,14.0,14.0,14.0,50
ELECTHERM,2013-10-14 00:00:00+05:30,14.0,14.0,14.0,14.0,0
ELECTHERM,2013-10-15 00:00:00+05:30,14.0,14.0,14.0,14.0,0
ELECTHERM,2013-10-17 00:00:00+05:30,14.0,14.0,14.0,14.0,0
ELECTHERM,2013-10-18 00:00:00+05:30,13.75,13.75,13.75,13.75,50
ELECTHERM,2013-10-21 00:00:00+05:30,13.75,13.75,13.75,13.75,0
ELECTHERM,2013-10-22 00:00:00+05:30,13.75,13.75,13.75,13.75,60
ELECTHERM,2013-10-23 00:00:00+05:30,13.15,13.15,13.15,13.15,6
ELECTHERM,2013-10-24 00:00:00+05:30,13.2,13.2,13.15,13.15,115
ELECTHERM,2013-10-25 00:00:00+05:30,13.2,13.2,13.15,13.15,0
ELECTHERM,2013-10-28 00:00:00+05:30,13.2,13.2,13.15,13.15,0
ELECTHERM,2013-10-29 00:00:00+05:30,13.2,13.2,13.15,13.15,0
ELECTHERM,2013-10-30 00:00:00+05:30,13.2,13.2,13.15,13.15,0
ELECTHERM,2013-10-31 00:00:00+05:30,13.8,13.8,13.8,13.8,176
ELECTHERM,2013-11-01 00:00:00+05:30,13.15,13.15,13.15,13.15,10
ELECTHERM,2013-11-05 00:00:00+05:30,13.8,13.8,13.8,13.8,130
ELECTHERM,2013-11-06 00:00:00+05:30,14.0,14.45,14.0,14.45,1857
ELECTHERM,2013-11-07 00:00:00+05:30,15.15,15.15,15.15,15.15,65
ELECTHERM,2013-11-08 00:00:00+05:30,15.15,15.15,15.05,15.05,250
ELECTHERM,2013-11-11 00:00:00+05:30,15.15,15.15,15.05,15.05,0
ELECTHERM,2013-11-12 00:00:00+05:30,15.8,15.8,15.8,15.8,3290
ELECTHERM,2013-11-13 00:00:00+05:30,15.15,15.15,15.15,15.15,39
ELECTHERM,2013-11-14 00:00:00+05:30,15.0,15.9,15.0,15.9,650
ELECTHERM,2013-11-18 00:00:00+05:30,15.9,15.9,15.9,15.9,340
ELECTHERM,2013-11-19 00:00:00+05:30,16.0,16.65,16.0,16.0,782
ELECTHERM,2013-11-20 00:00:00+05:30,16.0,16.0,16.0,16.0,180
ELECTHERM,2013-11-21 00:00:00+05:30,16.0,16.0,16.0,16.0,0
ELECTHERM,2013-11-22 00:00:00+05:30,16.0,16.0,16.0,16.0,0
ELECTHERM,2013-11-25 00:00:00+05:30,16.8,16.8,16.8,16.8,1000
ELECTHERM,2013-11-26 00:00:00+05:30,17.6,17.6,17.6,17.6,280
ELECTHERM,2013-11-27 00:00:00+05:30,18.45,18.45,18.45,18.45,10
ELECTHERM,2013-11-28 00:00:00+05:30,17.55,17.55,17.55,17.55,590
ELECTHERM,2013-11-29 00:00:00+05:30,18.0,18.0,17.0,17.0,502
ELECTHERM,2013-12-02 00:00:00+05:30,17.55,17.55,17.55,17.55,50
ELECTHERM,2013-12-03 00:00:00+05:30,16.7,16.7,16.7,16.7,100
ELECTHERM,2013-12-04 00:00:00+05:30,17.0,17.0,17.0,17.0,585
ELECTHERM,2013-12-05 00:00:00+05:30,17.0,17.0,17.0,17.0,0
ELECTHERM,2013-12-06 00:00:00+05:30,17.0,17.0,17.0,17.0,0
ELECTHERM,2013-12-09 00:00:00+05:30,17.0,17.0,17.0,17.0,0
ELECTHERM,2013-12-10 00:00:00+05:30,17.0,17.0,17.0,17.0,0
ELECTHERM,2013-12-11 00:00:00+05:30,17.0,17.0,17.0,17.0,0
ELECTHERM,2013-12-12 00:00:00+05:30,16.2,17.85,16.2,17.85,241
ELECTHERM,2013-12-13 00:00:00+05:30,17.0,17.0,17.0,17.0,250
ELECTHERM,2013-12-16 00:00:00+05:30,17.0,17.0,17.0,17.0,0
ELECTHERM,2013-12-17 00:00:00+05:30,16.2,16.2,16.2,16.2,200
ELECTHERM,2013-12-18 00:00:00+05:30,16.45,16.45,15.4,15.4,1500
ELECTHERM,2013-12-19 00:00:00+05:30,16.45,16.45,15.4,15.4,0
ELECTHERM,2013-12-20 00:00:00+05:30,16.45,16.45,15.4,15.4,0
ELECTHERM,2013-12-23 00:00:00+05:30,15.85,15.85,15.85,15.85,25
ELECTHERM,2013-12-24 00:00:00+05:30,15.85,15.85,15.85,15.85,0
ELECTHERM,2013-12-26 00:00:00+05:30,16.5,16.5,16.5,16.5,5100
ELECTHERM,2013-12-27 00:00:00+05:30,16.5,16.5,16.5,16.5,0
ELECTHERM,2013-12-30 00:00:00+05:30,17.0,17.3,16.5,17.3,1185
ELECTHERM,2013-12-31 00:00:00+05:30,18.15,18.15,18.15,18.15,335
ELECTHERM,2014-01-01 00:00:00+05:30,18.45,19.05,18.45,19.05,320
ELECTHERM,2014-01-02 00:00:00+05:30,19.95,19.95,19.95,19.95,971
ELECTHERM,2014-01-03 00:00:00+05:30,20.9,20.9,20.85,20.85,755
ELECTHERM,2014-01-06 00:00:00+05:30,21.0,21.0,20.6,20.6,1245
ELECTHERM,2014-01-07 00:00:00+05:30,20.6,21.6,20.6,21.6,105
ELECTHERM,2014-01-08 00:00:00+05:30,21.6,22.65,21.6,22.6,2675
ELECTHERM,2014-01-09 00:00:00+05:30,23.5,23.5,21.6,21.6,1114
ELECTHERM,2014-01-10 00:00:00+05:30,20.55,21.2,20.55,21.2,390
ELECTHERM,2014-01-13 00:00:00+05:30,22.25,22.25,22.25,22.25,4211
ELECTHERM,2014-01-14 00:00:00+05:30,23.0,23.35,22.5,23.2,1085
ELECTHERM,2014-01-15 00:00:00+05:30,23.95,24.35,22.5,24.3,1490
ELECTHERM,2014-01-16 00:00:00+05:30,25.5,25.5,25.4,25.5,6433
ELECTHERM,2014-01-17 00:00:00+05:30,25.45,26.7,25.0,26.25,1287
ELECTHERM,2014-01-20 00:00:00+05:30,26.0,26.95,25.05,26.5,2427
ELECTHERM,2014-01-21 00:00:00+05:30,26.4,27.5,26.0,26.5,975
ELECTHERM,2014-01-22 00:00:00+05:30,26.75,27.8,26.65,27.55,2000
ELECTHERM,2014-01-23 00:00:00+05:30,26.2,26.5,26.2,26.2,1043
ELECTHERM,2014-01-24 00:00:00+05:30,24.9,26.15,24.9,25.0,678
ELECTHERM,2014-01-27 00:00:00+05:30,24.9,26.15,24.9,25.0,0
ELECTHERM,2014-01-28 00:00:00+05:30,23.75,23.75,23.75,23.75,200
ELECTHERM,2014-01-29 00:00:00+05:30,22.6,24.0,22.6,24.0,1225
ELECTHERM,2014-01-30 00:00:00+05:30,22.6,24.0,22.6,24.0,0
ELECTHERM,2014-01-31 00:00:00+05:30,22.85,24.6,22.85,24.6,258
ELECTHERM,2014-02-03 00:00:00+05:30,23.4,23.4,23.4,23.4,55
ELECTHERM,2014-02-04 00:00:00+05:30,22.25,22.25,22.25,22.25,210
ELECTHERM,2014-02-05 00:00:00+05:30,22.5,22.5,22.0,22.0,450
ELECTHERM,2014-02-06 00:00:00+05:30,22.0,23.1,22.0,23.1,2327
ELECTHERM,2014-02-07 00:00:00+05:30,23.95,24.25,22.25,24.15,1912
ELECTHERM,2014-02-10 00:00:00+05:30,25.0,25.35,23.05,23.15,325
ELECTHERM,2014-02-11 00:00:00+05:30,22.4,24.3,22.4,24.3,175
ELECTHERM,2014-02-12 00:00:00+05:30,24.25,25.5,24.25,25.5,1017
ELECTHERM,2014-02-13 00:00:00+05:30,24.25,25.5,24.25,24.35,61
ELECTHERM,2014-02-14 00:00:00+05:30,23.35,23.35,23.35,23.35,50
ELECTHERM,2014-02-17 00:00:00+05:30,24.0,24.0,22.2,22.25,246
ELECTHERM,2014-02-18 00:00:00+05:30,21.3,23.25,21.3,22.75,1711
ELECTHERM,2014-02-19 00:00:00+05:30,23.85,23.85,23.85,23.85,480
ELECTHERM,2014-02-20 00:00:00+05:30,25.0,25.0,25.0,25.0,2991
ELECTHERM,2014-02-21 00:00:00+05:30,26.2,26.2,24.1,25.7,876
ELECTHERM,2014-02-24 00:00:00+05:30,26.6,26.6,25.0,25.85,431
ELECTHERM,2014-02-25 00:00:00+05:30,25.9,26.4,25.25,26.0,60
ELECTHERM,2014-02-26 00:00:00+05:30,26.0,26.0,24.7,24.7,54
ELECTHERM,2014-02-28 00:00:00+05:30,25.1,25.1,23.75,23.75,51
ELECTHERM,2014-03-03 00:00:00+05:30,24.85,24.85,22.6,23.75,506
ELECTHERM,2014-03-04 00:00:00+05:30,23.75,24.45,22.6,22.65,937
ELECTHERM,2014-03-05 00:00:00+05:30,22.65,22.85,22.0,22.85,310
ELECTHERM,2014-03-06 00:00:00+05:30,23.7,23.7,22.2,22.35,112
ELECTHERM,2014-03-07 00:00:00+05:30,24.5,24.5,21.45,22.6,1108
ELECTHERM,2014-03-10 00:00:00+05:30,24.8,24.8,21.25,22.55,812
ELECTHERM,2014-03-11 00:00:00+05:30,24.7,24.7,21.8,21.95,945
ELECTHERM,2014-03-12 00:00:00+05:30,23.9,23.9,20.3,21.6,934
ELECTHERM,2014-03-13 00:00:00+05:30,23.65,23.65,20.1,22.3,10607
ELECTHERM,2014-03-14 00:00:00+05:30,22.95,23.4,20.35,23.0,231
ELECTHERM,2014-03-18 00:00:00+05:30,23.95,23.95,20.8,20.85,957
ELECTHERM,2014-03-19 00:00:00+05:30,22.55,22.55,19.35,21.15,2037
ELECTHERM,2014-03-20 00:00:00+05:30,22.75,22.75,19.05,19.1,8184
ELECTHERM,2014-03-21 00:00:00+05:30,20.0,20.0,17.6,18.55,6145
ELECTHERM,2014-03-24 00:00:00+05:30,20.65,20.65,18.3,19.15,2812
ELECTHERM,2014-03-25 00:00:00+05:30,20.8,20.8,17.5,17.55,2818
ELECTHERM,2014-03-26 00:00:00+05:30,19.3,19.3,17.05,17.9,1560
ELECTHERM,2014-03-27 00:00:00+05:30,18.85,18.85,16.2,17.25,3575
ELECTHERM,2014-03-28 00:00:00+05:30,18.1,18.1,16.45,16.5,3324
ELECTHERM,2014-03-31 00:00:00+05:30,17.3,17.3,17.3,17.3,2000
ELECTHERM,2014-04-01 00:00:00+05:30,18.15,18.15,17.0,17.75,1164
ELECTHERM,2014-04-02 00:00:00+05:30,18.4,18.5,16.9,17.7,884
ELECTHERM,2014-04-03 00:00:00+05:30,18.55,18.55,17.2,18.45,200
ELECTHERM,2014-04-04 00:00:00+05:30,19.0,19.0,17.55,17.55,1156
ELECTHERM,2014-04-07 00:00:00+05:30,17.55,18.4,17.0,17.65,2469
ELECTHERM,2014-04-09 00:00:00+05:30,18.5,18.5,17.0,18.5,1782
ELECTHERM,2014-04-10 00:00:00+05:30,18.5,19.4,18.5,19.4,1949
ELECTHERM,2014-04-11 00:00:00+05:30,19.5,20.35,19.4,20.35,1355
ELECTHERM,2014-04-15 00:00:00+05:30,20.8,21.35,20.8,21.35,1494
ELECTHERM,2014-04-16 00:00:00+05:30,22.0,22.4,21.9,22.2,1941
ELECTHERM,2014-04-17 00:00:00+05:30,23.15,23.15,21.3,22.0,946
ELECTHERM,2014-04-21 00:00:00+05:30,22.0,22.95,22.0,22.95,781
ELECTHERM,2014-04-22 00:00:00+05:30,22.95,24.05,22.95,24.05,3294
ELECTHERM,2014-04-23 00:00:00+05:30,25.0,25.2,22.85,25.05,3519
ELECTHERM,2014-04-25 00:00:00+05:30,25.2,25.85,25.2,25.85,4088
ELECTHERM,2014-04-28 00:00:00+05:30,27.1,27.1,24.6,25.0,3817
ELECTHERM,2014-04-29 00:00:00+05:30,24.5,25.5,23.75,23.75,264
ELECTHERM,2014-04-30 00:00:00+05:30,24.9,24.9,22.6,22.6,10651
ELECTHERM,2014-05-02 00:00:00+05:30,22.6,23.7,21.8,23.7,276
ELECTHERM,2014-05-05 00:00:00+05:30,23.7,23.7,22.55,22.55,11
ELECTHERM,2014-05-06 00:00:00+05:30,23.5,23.5,21.45,21.45,50
ELECTHERM,2014-05-07 00:00:00+05:30,23.5,23.5,21.45,21.45,0
ELECTHERM,2014-05-08 00:00:00+05:30,21.0,21.0,21.0,21.0,50
ELECTHERM,2014-05-09 00:00:00+05:30,20.55,21.45,20.15,21.2,1670
ELECTHERM,2014-05-12 00:00:00+05:30,20.3,21.05,20.3,20.45,315
ELECTHERM,2014-05-13 00:00:00+05:30,21.45,21.45,19.6,21.05,851
ELECTHERM,2014-05-14 00:00:00+05:30,21.45,22.0,21.45,22.0,720
ELECTHERM,2014-05-15 00:00:00+05:30,22.05,23.0,21.0,21.0,5901
ELECTHERM,2014-05-16 00:00:00+05:30,22.0,22.05,20.5,22.0,867
ELECTHERM,2014-05-19 00:00:00+05:30,22.05,23.1,21.1,23.1,7412
ELECTHERM,2014-05-20 00:00:00+05:30,24.25,24.25,24.25,24.25,1670
ELECTHERM,2014-05-21 00:00:00+05:30,25.15,25.45,25.15,25.45,13215
ELECTHERM,2014-05-22 00:00:00+05:30,26.7,26.7,26.7,26.7,1451
ELECTHERM,2014-05-23 00:00:00+05:30,28.0,28.0,28.0,28.0,102
ELECTHERM,2014-05-26 00:00:00+05:30,29.4,29.4,29.4,29.4,1395
ELECTHERM,2014-05-27 00:00:00+05:30,30.85,30.85,29.05,30.85,4046
ELECTHERM,2014-05-28 00:00:00+05:30,30.85,32.3,29.4,32.3,5222
ELECTHERM,2014-05-29 00:00:00+05:30,33.9,33.9,33.05,33.9,7643
ELECTHERM,2014-05-30 00:00:00+05:30,34.0,35.55,32.25,34.9,10890
ELECTHERM,2014-06-02 00:00:00+05:30,35.25,35.25,33.2,33.25,2073
ELECTHERM,2014-06-03 00:00:00+05:30,34.85,34.85,31.6,31.8,3355
ELECTHERM,2014-06-04 00:00:00+05:30,32.45,32.45,30.3,31.9,1102
ELECTHERM,2014-06-05 00:00:00+05:30,31.9,32.9,30.35,30.55,2436
ELECTHERM,2014-06-06 00:00:00+05:30,30.35,31.9,30.0,30.6,2573
ELECTHERM,2014-06-09 00:00:00+05:30,31.9,32.1,31.55,32.1,4583
ELECTHERM,2014-06-10 00:00:00+05:30,33.7,33.7,31.05,32.85,1949
ELECTHERM,2014-06-11 00:00:00+05:30,33.7,34.25,31.25,32.0,8709
ELECTHERM,2014-06-12 00:00:00+05:30,33.5,33.5,30.55,32.5,1298
ELECTHERM,2014-06-13 00:00:00+05:30,33.75,33.75,31.2,32.6,3561
ELECTHERM,2014-06-16 00:00:00+05:30,32.95,32.95,31.0,31.0,403
ELECTHERM,2014-06-17 00:00:00+05:30,32.45,32.45,30.0,30.0,713
ELECTHERM,2014-06-18 00:00:00+05:30,31.5,31.5,29.0,29.9,1565
ELECTHERM,2014-06-19 00:00:00+05:30,31.35,31.35,29.0,31.25,1002
ELECTHERM,2014-06-20 00:00:00+05:30,32.45,32.45,30.0,31.8,1126
ELECTHERM,2014-06-23 00:00:00+05:30,30.25,32.5,30.25,31.8,3450
ELECTHERM,2014-06-24 00:00:00+05:30,32.45,32.45,30.25,30.25,2501
ELECTHERM,2014-06-25 00:00:00+05:30,31.75,31.75,29.0,29.2,900
ELECTHERM,2014-06-26 00:00:00+05:30,30.6,30.6,28.15,30.35,811
ELECTHERM,2014-06-27 00:00:00+05:30,31.25,31.25,28.85,28.85,2501
ELECTHERM,2014-06-30 00:00:00+05:30,30.25,30.25,28.8,29.0,1101
ELECTHERM,2014-07-01 00:00:00+05:30,29.65,30.35,28.5,28.5,2647
ELECTHERM,2014-07-02 00:00:00+05:30,29.9,29.9,28.1,29.55,1582
ELECTHERM,2014-07-03 00:00:00+05:30,30.95,31.0,29.35,30.05,3681
ELECTHERM,2014-07-04 00:00:00+05:30,29.5,31.5,29.5,31.5,1924
ELECTHERM,2014-07-07 00:00:00+05:30,31.5,32.8,30.5,31.3,1936
ELECTHERM,2014-07-08 00:00:00+05:30,32.85,32.85,30.05,32.0,7242
ELECTHERM,2014-07-09 00:00:00+05:30,33.25,33.25,30.45,31.15,2522
ELECTHERM,2014-07-10 00:00:00+05:30,31.15,31.15,29.6,30.0,1461
ELECTHERM,2014-07-11 00:00:00+05:30,30.9,30.9,28.5,28.5,1196
ELECTHERM,2014-07-14 00:00:00+05:30,27.85,27.85,27.1,27.45,191
ELECTHERM,2014-07-15 00:00:00+05:30,28.5,28.5,26.1,26.1,1291
ELECTHERM,2014-07-16 00:00:00+05:30,27.4,27.4,25.65,26.65,2655
ELECTHERM,2014-07-17 00:00:00+05:30,27.95,27.95,26.0,27.2,2954
ELECTHERM,2014-07-18 00:00:00+05:30,28.55,28.55,26.05,27.45,1013
ELECTHERM,2014-07-21 00:00:00+05:30,27.5,27.5,26.2,27.5,876
ELECTHERM,2014-07-22 00:00:00+05:30,27.5,27.5,26.15,26.2,1304
ELECTHERM,2014-07-23 00:00:00+05:30,26.45,26.45,25.6,25.8,506
ELECTHERM,2014-07-24 00:00:00+05:30,26.95,26.95,25.1,26.05,714
ELECTHERM,2014-07-25 00:00:00+05:30,27.2,27.2,24.8,26.05,1446
ELECTHERM,2014-07-28 00:00:00+05:30,26.05,26.05,24.75,25.95,1601
ELECTHERM,2014-07-30 00:00:00+05:30,27.0,27.0,24.75,25.0,368
ELECTHERM,2014-07-31 00:00:00+05:30,24.0,26.05,23.9,24.1,5724
ELECTHERM,2014-08-01 00:00:00+05:30,24.0,24.6,23.0,23.8,5318
ELECTHERM,2014-08-04 00:00:00+05:30,22.65,24.7,22.65,23.9,1346
ELECTHERM,2014-08-05 00:00:00+05:30,22.85,24.55,22.85,24.2,586
ELECTHERM,2014-08-06 00:00:00+05:30,25.4,25.4,23.6,24.2,460
ELECTHERM,2014-08-07 00:00:00+05:30,25.2,25.2,24.05,24.5,499
ELECTHERM,2014-08-08 00:00:00+05:30,24.5,25.4,23.3,24.3,748
ELECTHERM,2014-08-11 00:00:00+05:30,25.25,25.25,23.25,23.35,638
ELECTHERM,2014-08-12 00:00:00+05:30,24.25,24.25,22.2,22.2,3198
ELECTHERM,2014-08-13 00:00:00+05:30,22.7,22.7,21.1,21.1,1407
ELECTHERM,2014-08-14 00:00:00+05:30,22.0,22.0,20.05,20.05,1071
ELECTHERM,2014-08-18 00:00:00+05:30,19.05,20.85,19.05,19.1,3227
ELECTHERM,2014-08-19 00:00:00+05:30,19.6,19.95,18.65,19.3,324
ELECTHERM,2014-08-20 00:00:00+05:30,19.7,20.1,19.7,20.1,781
ELECTHERM,2014-08-21 00:00:00+05:30,20.85,21.1,19.75,21.1,2646
ELECTHERM,2014-08-22 00:00:00+05:30,20.55,20.75,20.55,20.7,245
ELECTHERM,2014-08-25 00:00:00+05:30,20.5,21.35,19.7,20.3,2192
ELECTHERM,2014-08-26 00:00:00+05:30,20.0,20.5,19.7,19.75,260
ELECTHERM,2014-08-27 00:00:00+05:30,18.8,19.75,18.8,19.45,24575
ELECTHERM,2014-08-28 00:00:00+05:30,18.65,18.95,18.5,18.5,3870
ELECTHERM,2014-09-01 00:00:00+05:30,18.5,18.5,17.6,17.8,6812
ELECTHERM,2014-09-02 00:00:00+05:30,16.95,16.95,16.95,16.95,1162
ELECTHERM,2014-09-03 00:00:00+05:30,16.15,16.5,16.15,16.15,7172
ELECTHERM,2014-09-04 00:00:00+05:30,15.35,16.95,15.35,15.35,2770
ELECTHERM,2014-09-05 00:00:00+05:30,15.35,15.35,14.6,14.6,5485
ELECTHERM,2014-09-08 00:00:00+05:30,15.3,15.3,13.9,13.95,3079
ELECTHERM,2014-09-09 00:00:00+05:30,13.4,14.6,13.4,14.6,4722
ELECTHERM,2014-09-10 00:00:00+05:30,15.3,15.3,15.05,15.3,6313
ELECTHERM,2014-09-11 00:00:00+05:30,16.05,16.05,15.3,16.05,12003
ELECTHERM,2014-09-12 00:00:00+05:30,16.5,16.85,16.5,16.85,1610
ELECTHERM,2014-09-15 00:00:00+05:30,17.65,17.65,17.65,17.65,430
ELECTHERM,2014-09-16 00:00:00+05:30,18.0,18.5,18.0,18.5,857
ELECTHERM,2014-09-17 00:00:00+05:30,19.4,19.4,18.35,18.85,10994
ELECTHERM,2014-09-18 00:00:00+05:30,18.5,19.65,18.5,19.65,2419
ELECTHERM,2014-09-19 00:00:00+05:30,19.0,20.4,18.95,20.25,2037
ELECTHERM,2014-09-22 00:00:00+05:30,20.8,21.25,20.25,21.25,3963
ELECTHERM,2014-09-23 00:00:00+05:30,22.3,22.3,21.3,22.3,3751
ELECTHERM,2014-09-24 00:00:00+05:30,21.3,23.4,21.3,22.95,4915
ELECTHERM,2014-09-25 00:00:00+05:30,22.1,24.05,22.1,24.05,6926
ELECTHERM,2014-09-26 00:00:00+05:30,23.0,25.25,23.0,25.25,2383
ELECTHERM,2014-09-29 00:00:00+05:30,24.25,25.7,24.0,24.95,4560
ELECTHERM,2014-09-30 00:00:00+05:30,24.0,24.0,23.75,24.0,2215
ELECTHERM,2014-10-01 00:00:00+05:30,24.75,24.75,22.8,23.0,4984
ELECTHERM,2014-10-07 00:00:00+05:30,22.0,22.0,21.85,21.85,2208
ELECTHERM,2014-10-08 00:00:00+05:30,20.8,20.95,20.8,20.8,1355
ELECTHERM,2014-10-09 00:00:00+05:30,19.8,20.2,19.8,19.85,985
ELECTHERM,2014-10-10 00:00:00+05:30,19.0,20.8,19.0,20.8,145
ELECTHERM,2014-10-13 00:00:00+05:30,21.45,21.5,20.95,20.95,450
ELECTHERM,2014-10-14 00:00:00+05:30,21.75,21.75,19.95,20.85,446
ELECTHERM,2014-10-16 00:00:00+05:30,20.85,21.0,20.1,20.15,2381
ELECTHERM,2014-10-17 00:00:00+05:30,19.55,19.55,19.55,19.55,1
ELECTHERM,2014-10-20 00:00:00+05:30,20.4,20.4,19.1,20.35,1654
ELECTHERM,2014-10-21 00:00:00+05:30,19.35,19.35,19.35,19.35,600
ELECTHERM,2014-10-22 00:00:00+05:30,20.0,20.0,20.0,20.0,160
ELECTHERM,2014-10-23 00:00:00+05:30,20.0,20.0,19.15,19.15,109
ELECTHERM,2014-10-27 00:00:00+05:30,20.1,20.1,20.1,20.1,3
ELECTHERM,2014-10-28 00:00:00+05:30,19.75,20.0,19.75,20.0,150
ELECTHERM,2014-10-29 00:00:00+05:30,21.0,21.0,19.5,19.5,300
ELECTHERM,2014-10-30 00:00:00+05:30,20.0,20.0,20.0,20.0,500
ELECTHERM,2014-10-31 00:00:00+05:30,19.0,21.0,19.0,19.05,1190
ELECTHERM,2014-11-03 00:00:00+05:30,20.0,20.0,20.0,20.0,600
ELECTHERM,2014-11-05 00:00:00+05:30,19.2,19.2,19.1,19.1,2431
ELECTHERM,2014-11-07 00:00:00+05:30,19.15,19.75,18.3,18.5,381
ELECTHERM,2014-11-10 00:00:00+05:30,18.05,19.4,18.05,19.35,512
ELECTHERM,2014-11-11 00:00:00+05:30,19.0,19.0,19.0,19.0,10
ELECTHERM,2014-11-12 00:00:00+05:30,18.4,19.9,18.4,18.6,395
ELECTHERM,2014-11-13 00:00:00+05:30,19.5,19.5,18.5,19.0,752
ELECTHERM,2014-11-14 00:00:00+05:30,18.1,19.95,18.1,19.25,3422
ELECTHERM,2014-11-17 00:00:00+05:30,19.25,19.7,18.45,19.7,1813
ELECTHERM,2014-11-18 00:00:00+05:30,20.35,20.45,19.5,19.55,3010
ELECTHERM,2014-11-19 00:00:00+05:30,19.55,20.45,19.25,19.85,1812
ELECTHERM,2014-11-20 00:00:00+05:30,19.1,19.1,19.05,19.05,808
ELECTHERM,2014-11-21 00:00:00+05:30,18.2,20.0,18.2,18.8,3418
ELECTHERM,2014-11-24 00:00:00+05:30,18.1,19.55,18.1,19.55,2452
ELECTHERM,2014-11-25 00:00:00+05:30,18.6,18.6,18.6,18.6,508
ELECTHERM,2014-11-26 00:00:00+05:30,18.6,18.6,18.6,18.6,5
ELECTHERM,2014-11-27 00:00:00+05:30,19.5,19.5,19.15,19.45,1513
ELECTHERM,2014-11-28 00:00:00+05:30,18.55,18.9,18.55,18.9,138
ELECTHERM,2014-12-01 00:00:00+05:30,18.0,18.35,18.0,18.05,260
ELECTHERM,2014-12-02 00:00:00+05:30,18.1,18.15,18.1,18.1,179
ELECTHERM,2014-12-03 00:00:00+05:30,18.55,18.55,18.55,18.55,26
ELECTHERM,2014-12-04 00:00:00+05:30,18.05,19.35,18.05,19.15,336
ELECTHERM,2014-12-05 00:00:00+05:30,21.0,21.05,20.9,21.05,7087
ELECTHERM,2014-12-08 00:00:00+05:30,22.95,23.15,20.0,23.15,7649
ELECTHERM,2014-12-09 00:00:00+05:30,25.15,25.45,23.3,25.45,16277
ELECTHERM,2014-12-10 00:00:00+05:30,26.7,26.7,26.7,26.7,3805
ELECTHERM,2014-12-11 00:00:00+05:30,28.0,28.0,26.0,28.0,5977
ELECTHERM,2014-12-12 00:00:00+05:30,29.3,29.4,29.0,29.4,8220
ELECTHERM,2014-12-15 00:00:00+05:30,30.85,30.85,27.95,27.95,8862
ELECTHERM,2014-12-16 00:00:00+05:30,26.65,27.5,26.6,26.6,2908
ELECTHERM,2014-12-17 00:00:00+05:30,25.35,27.0,25.3,25.95,1079
ELECTHERM,2014-12-18 00:00:00+05:30,26.9,26.9,24.7,26.0,5292
ELECTHERM,2014-12-19 00:00:00+05:30,27.1,27.1,25.2,25.45,3771
ELECTHERM,2014-12-22 00:00:00+05:30,24.35,24.35,24.2,24.25,226
ELECTHERM,2014-12-23 00:00:00+05:30,23.75,23.9,23.6,23.6,470
ELECTHERM,2014-12-24 00:00:00+05:30,23.5,24.5,23.5,24.5,209
ELECTHERM,2014-12-26 00:00:00+05:30,24.5,24.5,23.5,23.55,668
ELECTHERM,2014-12-29 00:00:00+05:30,23.05,23.15,22.4,23.0,5023
ELECTHERM,2014-12-30 00:00:00+05:30,23.45,23.45,21.85,22.15,2901
ELECTHERM,2014-12-31 00:00:00+05:30,21.3,22.0,21.05,21.5,3236
ELECTHERM,2015-01-01 00:00:00+05:30,20.45,22.5,20.45,21.4,3541
ELECTHERM,2015-01-02 00:00:00+05:30,22.0,23.45,22.0,23.15,1786
ELECTHERM,2015-01-05 00:00:00+05:30,22.5,23.45,20.9,22.0,3354
ELECTHERM,2015-01-06 00:00:00+05:30,21.5,22.9,21.5,22.8,1251
ELECTHERM,2015-01-07 00:00:00+05:30,22.05,22.5,22.0,22.0,714
ELECTHERM,2015-01-08 00:00:00+05:30,21.15,22.3,21.15,21.95,913
ELECTHERM,2015-01-09 00:00:00+05:30,21.5,22.5,21.5,21.5,280
ELECTHERM,2015-01-12 00:00:00+05:30,22.5,23.35,21.0,22.9,3161
ELECTHERM,2015-01-13 00:00:00+05:30,22.9,23.1,22.9,23.1,417
ELECTHERM,2015-01-14 00:00:00+05:30,21.65,24.0,21.65,22.1,382
ELECTHERM,2015-01-15 00:00:00+05:30,21.0,23.5,21.0,23.45,621
ELECTHERM,2015-01-16 00:00:00+05:30,23.45,24.9,22.05,22.2,251
ELECTHERM,2015-01-19 00:00:00+05:30,21.3,21.65,21.3,21.6,1115
ELECTHERM,2015-01-20 00:00:00+05:30,23.3,23.3,22.0,22.5,2632
ELECTHERM,2015-01-21 00:00:00+05:30,23.0,24.0,21.5,21.8,1501
ELECTHERM,2015-01-22 00:00:00+05:30,20.05,23.85,20.05,22.0,6575
ELECTHERM,2015-01-23 00:00:00+05:30,21.15,24.2,21.15,24.2,2285
ELECTHERM,2015-01-27 00:00:00+05:30,26.6,26.6,26.6,26.6,690
ELECTHERM,2015-01-28 00:00:00+05:30,29.25,29.25,27.0,29.25,13333
ELECTHERM,2015-01-29 00:00:00+05:30,30.25,30.7,30.25,30.7,5020
ELECTHERM,2015-01-30 00:00:00+05:30,32.0,32.2,29.35,31.35,11442
ELECTHERM,2015-02-02 00:00:00+05:30,32.9,32.9,29.8,29.8,2877
ELECTHERM,2015-02-03 00:00:00+05:30,29.45,29.45,28.35,28.35,236
ELECTHERM,2015-02-04 00:00:00+05:30,26.95,26.95,26.95,26.95,1511
ELECTHERM,2015-02-05 00:00:00+05:30,25.65,25.65,25.65,25.65,850
ELECTHERM,2015-02-06 00:00:00+05:30,24.4,24.9,24.4,24.4,215
ELECTHERM,2015-02-09 00:00:00+05:30,23.2,24.95,23.2,23.65,418
ELECTHERM,2015-02-10 00:00:00+05:30,22.7,22.85,22.5,22.5,1295
ELECTHERM,2015-02-11 00:00:00+05:30,21.5,23.6,21.5,22.95,3185
ELECTHERM,2015-02-12 00:00:00+05:30,24.0,24.0,22.2,22.7,1864
ELECTHERM,2015-02-13 00:00:00+05:30,21.7,23.65,21.65,21.95,2736
ELECTHERM,2015-02-16 00:00:00+05:30,22.6,22.6,22.6,22.6,520
ELECTHERM,2015-02-18 00:00:00+05:30,23.45,23.45,21.75,22.2,1424
ELECTHERM,2015-02-19 00:00:00+05:30,22.8,22.8,21.25,21.5,1092
ELECTHERM,2015-02-20 00:00:00+05:30,22.35,22.55,21.45,22.55,3259
ELECTHERM,2015-02-23 00:00:00+05:30,23.6,23.65,23.6,23.65,1185
ELECTHERM,2015-02-24 00:00:00+05:30,23.95,24.8,23.8,24.1,2865
ELECTHERM,2015-02-25 00:00:00+05:30,25.0,25.0,23.35,23.55,1120
ELECTHERM,2015-02-26 00:00:00+05:30,24.7,24.7,22.8,24.0,1287
ELECTHERM,2015-02-27 00:00:00+05:30,23.0,24.9,23.0,23.05,2519
ELECTHERM,2015-03-02 00:00:00+05:30,25.2,25.4,25.0,25.4,6725
ELECTHERM,2015-03-03 00:00:00+05:30,26.45,26.65,26.0,26.65,6343
ELECTHERM,2015-03-04 00:00:00+05:30,27.9,27.95,25.35,25.35,7597
ELECTHERM,2015-03-05 00:00:00+05:30,24.15,24.15,24.1,24.1,1084
ELECTHERM,2015-03-09 00:00:00+05:30,22.0,25.2,22.0,22.35,1518
ELECTHERM,2015-03-10 00:00:00+05:30,21.15,22.95,21.0,21.95,2665
ELECTHERM,2015-03-11 00:00:00+05:30,22.75,23.1,21.2,21.8,2879
ELECTHERM,2015-03-12 00:00:00+05:30,23.05,23.1,21.55,21.65,1006
ELECTHERM,2015-03-13 00:00:00+05:30,23.1,23.8,22.6,23.55,19691
ELECTHERM,2015-03-16 00:00:00+05:30,23.1,23.1,22.0,22.25,1841
ELECTHERM,2015-03-17 00:00:00+05:30,21.5,24.0,21.45,23.15,118468
ELECTHERM,2015-03-18 00:00:00+05:30,23.05,23.5,22.3,22.6,57433
ELECTHERM,2015-03-19 00:00:00+05:30,22.05,24.0,21.3,22.15,7274
ELECTHERM,2015-03-20 00:00:00+05:30,22.1,23.3,22.1,22.75,116920
ELECTHERM,2015-03-23 00:00:00+05:30,23.0,23.9,21.25,23.15,214246
ELECTHERM,2015-03-24 00:00:00+05:30,21.65,23.1,21.5,22.25,120835
ELECTHERM,2015-03-25 00:00:00+05:30,21.6,23.1,21.5,22.95,106875
ELECTHERM,2015-03-26 00:00:00+05:30,23.45,23.45,21.6,21.65,780
ELECTHERM,2015-03-27 00:00:00+05:30,22.9,22.95,21.4,22.7,1790
ELECTHERM,2015-03-30 00:00:00+05:30,24.4,24.4,22.05,23.8,5392
ELECTHERM,2015-03-31 00:00:00+05:30,23.75,23.75,21.85,23.65,3050
ELECTHERM,2015-04-01 00:00:00+05:30,25.9,25.9,22.2,24.0,14611
ELECTHERM,2015-04-06 00:00:00+05:30,25.4,26.3,23.7,25.0,6588
ELECTHERM,2015-04-07 00:00:00+05:30,26.25,30.0,26.0,30.0,25369
ELECTHERM,2015-04-08 00:00:00+05:30,31.5,36.0,30.9,35.45,95951
ELECTHERM,2015-04-09 00:00:00+05:30,38.54,38.54,33.35,33.95,48662
ELECTHERM,2015-04-10 00:00:00+05:30,34.5,34.5,32.04,32.45,7130
ELECTHERM,2015-04-13 00:00:00+05:30,32.6,35.6,30.1,34.79,17273
ELECTHERM,2015-04-15 00:00:00+05:30,34.0,35.0,31.75,32.65,6330
ELECTHERM,2015-04-16 00:00:00+05:30,32.2,35.5,32.2,33.85,11100
ELECTHERM,2015-04-17 00:00:00+05:30,32.5,34.35,32.5,32.6,1895
ELECTHERM,2015-04-20 00:00:00+05:30,35.0,35.0,30.95,32.2,5305
ELECTHERM,2015-04-21 00:00:00+05:30,31.0,32.0,29.7,30.15,3565
ELECTHERM,2015-04-22 00:00:00+05:30,28.6,31.0,28.1,28.7,11683
ELECTHERM,2015-04-23 00:00:00+05:30,31.45,31.45,27.7,29.0,3170
ELECTHERM,2015-04-24 00:00:00+05:30,28.05,28.95,27.1,28.1,9112
ELECTHERM,2015-04-27 00:00:00+05:30,29.0,31.4,25.85,27.25,8226
ELECTHERM,2015-04-28 00:00:00+05:30,27.1,28.6,25.4,26.75,2035
ELECTHERM,2015-04-29 00:00:00+05:30,26.6,28.0,26.6,26.7,625
ELECTHERM,2015-04-30 00:00:00+05:30,27.0,27.0,26.1,26.1,111
ELECTHERM,2015-05-04 00:00:00+05:30,27.9,28.4,25.3,25.8,3137
ELECTHERM,2015-05-05 00:00:00+05:30,26.9,27.7,24.05,24.95,12823
ELECTHERM,2015-05-06 00:00:00+05:30,26.5,26.5,21.6,22.65,4452
ELECTHERM,2015-05-07 00:00:00+05:30,22.25,24.0,20.7,22.45,10733
ELECTHERM,2015-05-08 00:00:00+05:30,22.9,23.2,22.05,22.95,1617
ELECTHERM,2015-05-11 00:00:00+05:30,23.05,25.8,22.95,24.95,1463
ELECTHERM,2015-05-12 00:00:00+05:30,23.7,25.2,21.9,24.1,4353
ELECTHERM,2015-05-13 00:00:00+05:30,23.1,26.35,23.1,25.4,17390
ELECTHERM,2015-05-14 00:00:00+05:30,24.5,25.8,24.5,25.55,765
ELECTHERM,2015-05-15 00:00:00+05:30,26.6,26.6,25.0,25.75,5535
ELECTHERM,2015-05-18 00:00:00+05:30,24.5,25.5,24.0,24.6,442
ELECTHERM,2015-05-19 00:00:00+05:30,23.4,25.5,23.4,24.5,356
ELECTHERM,2015-05-20 00:00:00+05:30,26.45,26.45,25.5,25.5,824
ELECTHERM,2015-05-21 00:00:00+05:30,24.5,26.5,24.05,26.25,692
ELECTHERM,2015-05-22 00:00:00+05:30,27.4,27.8,24.6,27.15,10575
ELECTHERM,2015-05-25 00:00:00+05:30,26.5,26.5,24.8,25.3,3213
ELECTHERM,2015-05-26 00:00:00+05:30,24.3,26.35,24.3,25.8,226
ELECTHERM,2015-05-27 00:00:00+05:30,27.4,28.4,25.3,26.05,2450
ELECTHERM,2015-05-28 00:00:00+05:30,24.7,26.6,24.7,25.95,923
ELECTHERM,2015-05-29 00:00:00+05:30,27.4,27.4,24.25,24.55,4457
ELECTHERM,2015-06-01 00:00:00+05:30,24.3,25.0,24.1,24.25,843
ELECTHERM,2015-06-02 00:00:00+05:30,23.25,26.15,23.25,24.8,896
ELECTHERM,2015-06-03 00:00:00+05:30,25.85,25.85,21.6,23.2,2671
ELECTHERM,2015-06-04 00:00:00+05:30,22.0,23.25,21.2,23.25,2052
ELECTHERM,2015-06-05 00:00:00+05:30,23.0,23.95,22.0,23.2,4301
ELECTHERM,2015-06-08 00:00:00+05:30,22.5,24.4,22.5,22.8,227
ELECTHERM,2015-06-09 00:00:00+05:30,23.0,23.0,23.0,23.0,950
ELECTHERM,2015-06-10 00:00:00+05:30,24.7,24.75,22.65,22.85,151
ELECTHERM,2015-06-11 00:00:00+05:30,23.75,23.75,22.1,22.3,1294
ELECTHERM,2015-06-12 00:00:00+05:30,22.0,23.8,21.0,21.9,712
ELECTHERM,2015-06-15 00:00:00+05:30,22.0,22.0,22.0,22.0,15
ELECTHERM,2015-06-16 00:00:00+05:30,21.3,23.9,21.0,21.4,2081
ELECTHERM,2015-06-17 00:00:00+05:30,20.0,24.3,19.1,22.45,5431
ELECTHERM,2015-06-18 00:00:00+05:30,22.45,23.65,22.45,23.65,110
ELECTHERM,2015-06-19 00:00:00+05:30,23.6,24.6,21.6,22.15,3775
ELECTHERM,2015-06-22 00:00:00+05:30,20.1,23.0,20.1,22.95,7136
ELECTHERM,2015-06-23 00:00:00+05:30,26.9,26.9,20.65,21.9,8055
ELECTHERM,2015-06-24 00:00:00+05:30,22.1,22.15,21.3,21.6,3206
ELECTHERM,2015-06-25 00:00:00+05:30,23.75,23.75,21.35,22.0,203
ELECTHERM,2015-06-26 00:00:00+05:30,25.35,25.35,21.05,21.8,2833
ELECTHERM,2015-06-29 00:00:00+05:30,23.4,26.15,22.6,25.1,93322
ELECTHERM,2015-06-30 00:00:00+05:30,26.8,27.0,24.55,25.9,26847
ELECTHERM,2015-07-01 00:00:00+05:30,25.9,27.4,24.1,25.0,8890
ELECTHERM,2015-07-02 00:00:00+05:30,26.5,26.5,23.0,23.95,12956
ELECTHERM,2015-07-03 00:00:00+05:30,24.0,25.5,23.75,24.2,19660
ELECTHERM,2015-07-06 00:00:00+05:30,23.5,23.5,21.6,23.1,14617
ELECTHERM,2015-07-07 00:00:00+05:30,24.0,24.05,22.95,23.15,15985
ELECTHERM,2015-07-08 00:00:00+05:30,25.25,25.25,22.9,23.4,6504
ELECTHERM,2015-07-09 00:00:00+05:30,24.8,24.8,22.55,23.0,6834
ELECTHERM,2015-07-10 00:00:00+05:30,22.8,25.8,22.1,24.4,29290
ELECTHERM,2015-07-13 00:00:00+05:30,25.3,25.45,23.1,23.65,5163
ELECTHERM,2015-07-14 00:00:00+05:30,24.5,24.5,23.45,23.7,4990
ELECTHERM,2015-07-15 00:00:00+05:30,23.9,23.9,22.65,22.9,6226
ELECTHERM,2015-07-16 00:00:00+05:30,23.0,23.95,22.8,23.35,30804
ELECTHERM,2015-07-17 00:00:00+05:30,23.15,23.5,23.15,23.5,585
ELECTHERM,2015-07-20 00:00:00+05:30,23.0,24.7,22.7,23.3,27388
ELECTHERM,2015-07-21 00:00:00+05:30,22.95,23.45,22.35,22.75,4612
ELECTHERM,2015-07-22 00:00:00+05:30,22.3,23.45,22.3,23.3,5266
ELECTHERM,2015-07-23 00:00:00+05:30,24.4,24.4,22.55,22.8,3274
ELECTHERM,2015-07-24 00:00:00+05:30,23.45,23.7,22.65,22.85,1872
ELECTHERM,2015-07-27 00:00:00+05:30,22.35,26.5,22.35,25.0,15506
ELECTHERM,2015-07-28 00:00:00+05:30,25.4,27.75,24.95,27.05,32838
ELECTHERM,2015-07-29 00:00:00+05:30,28.4,28.5,26.45,27.1,11028
ELECTHERM,2015-07-30 00:00:00+05:30,26.55,28.1,26.55,26.7,1457
ELECTHERM,2015-07-31 00:00:00+05:30,26.5,28.1,25.75,27.85,22118
ELECTHERM,2015-08-03 00:00:00+05:30,27.95,33.4,27.95,32.6,1322089
ELECTHERM,2015-08-04 00:00:00+05:30,37.0,39.1,36.4,39.1,39976
ELECTHERM,2015-08-05 00:00:00+05:30,43.0,43.0,43.0,43.0,4253
ELECTHERM,2015-08-06 00:00:00+05:30,47.3,47.3,39.1,40.6,185436
ELECTHERM,2015-08-07 00:00:00+05:30,39.2,40.4,37.2,37.4,11267
ELECTHERM,2015-08-10 00:00:00+05:30,37.2,41.1,36.35,41.1,16460
ELECTHERM,2015-08-11 00:00:00+05:30,43.55,45.0,37.2,40.79,31118
ELECTHERM,2015-08-12 00:00:00+05:30,40.0,41.5,39.0,40.54,33773
ELECTHERM,2015-08-13 00:00:00+05:30,39.9,40.7,38.5,38.5,13615
ELECTHERM,2015-08-14 00:00:00+05:30,36.6,39.45,35.0,36.79,8127
ELECTHERM,2015-08-17 00:00:00+05:30,40.0,40.0,37.0,38.29,15004
ELECTHERM,2015-08-18 00:00:00+05:30,40.0,42.0,38.45,38.5,3596
ELECTHERM,2015-08-19 00:00:00+05:30,39.7,39.75,37.1,37.45,4845
ELECTHERM,2015-08-20 00:00:00+05:30,37.0,39.0,35.1,36.04,22881
ELECTHERM,2015-08-21 00:00:00+05:30,35.1,37.0,33.0,36.0,8109
ELECTHERM,2015-08-24 00:00:00+05:30,32.45,36.0,32.4,32.5,15308
ELECTHERM,2015-08-25 00:00:00+05:30,29.35,32.4,29.25,31.4,6316
ELECTHERM,2015-08-26 00:00:00+05:30,29.1,32.9,29.1,29.95,11700
ELECTHERM,2015-08-27 00:00:00+05:30,31.8,32.0,28.55,29.9,16841
ELECTHERM,2015-08-28 00:00:00+05:30,29.3,31.5,29.3,30.6,3220
ELECTHERM,2015-08-31 00:00:00+05:30,31.95,33.5,31.6,32.85,7938
ELECTHERM,2015-09-01 00:00:00+05:30,30.05,33.4,29.6,30.1,3317
ELECTHERM,2015-09-02 00:00:00+05:30,27.7,30.8,27.7,30.7,1321
ELECTHERM,2015-09-03 00:00:00+05:30,31.9,33.5,28.4,30.15,1870
ELECTHERM,2015-09-04 00:00:00+05:30,31.5,33.15,31.15,33.15,8047
ELECTHERM,2015-09-07 00:00:00+05:30,35.9,36.4,33.04,34.65,10720
ELECTHERM,2015-09-08 00:00:00+05:30,35.65,36.6,31.55,33.25,11911
ELECTHERM,2015-09-09 00:00:00+05:30,36.0,36.0,32.5,33.95,4116
ELECTHERM,2015-09-10 00:00:00+05:30,32.5,33.75,31.65,33.2,1741
ELECTHERM,2015-09-11 00:00:00+05:30,31.5,32.1,29.9,31.1,3528
ELECTHERM,2015-09-14 00:00:00+05:30,31.2,32.1,28.6,30.6,5191
ELECTHERM,2015-09-15 00:00:00+05:30,30.6,30.6,30.6,30.6,100
ELECTHERM,2015-09-16 00:00:00+05:30,32.95,33.65,30.15,32.35,1998
ELECTHERM,2015-09-18 00:00:00+05:30,33.0,34.5,30.95,32.65,1807
ELECTHERM,2015-09-21 00:00:00+05:30,33.5,35.9,32.95,35.6,1980
ELECTHERM,2015-09-22 00:00:00+05:30,35.9,39.15,33.0,38.35,17126
ELECTHERM,2015-09-23 00:00:00+05:30,39.7,40.25,37.4,39.15,3509
ELECTHERM,2015-09-24 00:00:00+05:30,39.2,41.1,39.2,41.1,4175
ELECTHERM,2015-09-28 00:00:00+05:30,42.5,42.6,39.1,41.0,7439
ELECTHERM,2015-09-29 00:00:00+05:30,42.45,43.05,40.35,43.05,16444
ELECTHERM,2015-09-30 00:00:00+05:30,45.0,45.2,42.0,45.2,3912
ELECTHERM,2015-10-01 00:00:00+05:30,47.45,47.45,45.75,47.45,10728
ELECTHERM,2015-10-05 00:00:00+05:30,49.7,49.8,47.5,49.8,14046
ELECTHERM,2015-10-06 00:00:00+05:30,51.5,52.25,49.05,52.25,17202
ELECTHERM,2015-10-07 00:00:00+05:30,54.85,54.85,54.85,54.85,6728
ELECTHERM,2015-10-08 00:00:00+05:30,57.55,57.55,57.55,57.55,8928
ELECTHERM,2015-10-09 00:00:00+05:30,60.4,60.4,59.5,60.4,25738
ELECTHERM,2015-10-12 00:00:00+05:30,63.4,63.4,62.4,63.4,23621
ELECTHERM,2015-10-13 00:00:00+05:30,66.55,66.55,66.55,66.55,26761
ELECTHERM,2015-10-14 00:00:00+05:30,69.84,69.84,63.25,63.25,97263
ELECTHERM,2015-10-15 00:00:00+05:30,61.9,61.9,60.1,60.1,13370
ELECTHERM,2015-10-16 00:00:00+05:30,57.1,57.1,57.1,57.1,298
ELECTHERM,2015-10-19 00:00:00+05:30,54.25,54.25,54.25,54.25,670
ELECTHERM,2015-10-20 00:00:00+05:30,51.55,56.95,51.55,56.95,26479
ELECTHERM,2015-10-21 00:00:00+05:30,58.95,59.75,58.95,59.75,3831
ELECTHERM,2015-10-23 00:00:00+05:30,62.7,62.7,57.2,58.85,23879
ELECTHERM,2015-10-26 00:00:00+05:30,56.05,57.5,55.95,56.4,5497
ELECTHERM,2015-10-27 00:00:00+05:30,55.15,56.9,53.6,54.0,993
ELECTHERM,2015-10-28 00:00:00+05:30,55.0,55.0,51.4,52.0,4663
ELECTHERM,2015-10-29 00:00:00+05:30,50.0,50.8,49.4,50.25,5426
ELECTHERM,2015-10-30 00:00:00+05:30,48.1,52.0,47.75,47.75,9911
ELECTHERM,2015-11-02 00:00:00+05:30,48.0,49.0,45.5,45.65,5969
ELECTHERM,2015-11-03 00:00:00+05:30,45.4,45.5,43.6,44.3,4337
ELECTHERM,2015-11-04 00:00:00+05:30,45.75,46.5,44.5,46.5,13300
ELECTHERM,2015-11-05 00:00:00+05:30,48.6,48.6,44.2,44.4,10459
ELECTHERM,2015-11-06 00:00:00+05:30,46.0,46.6,42.2,46.6,12399
ELECTHERM,2015-11-09 00:00:00+05:30,47.6,48.9,44.3,48.9,6707
ELECTHERM,2015-11-10 00:00:00+05:30,51.25,51.3,50.5,51.3,1332
ELECTHERM,2015-11-11 00:00:00+05:30,53.85,53.85,53.85,53.85,3818
ELECTHERM,2015-11-13 00:00:00+05:30,55.5,56.5,51.6,53.15,8158
ELECTHERM,2015-11-16 00:00:00+05:30,51.55,52.5,50.5,50.65,4206
ELECTHERM,2015-11-17 00:00:00+05:30,49.5,52.75,49.5,52.05,2136
ELECTHERM,2015-11-18 00:00:00+05:30,50.0,51.0,49.45,49.6,4229
ELECTHERM,2015-11-19 00:00:00+05:30,48.3,50.0,48.1,48.6,2908
ELECTHERM,2015-11-20 00:00:00+05:30,49.0,50.8,47.6,47.6,1736
ELECTHERM,2015-11-23 00:00:00+05:30,48.8,49.95,48.8,49.95,3045
ELECTHERM,2015-11-24 00:00:00+05:30,49.0,52.4,49.0,52.4,3977
ELECTHERM,2015-11-26 00:00:00+05:30,50.25,53.9,49.8,49.95,3158
ELECTHERM,2015-11-27 00:00:00+05:30,48.05,51.95,48.05,50.25,1508
ELECTHERM,2015-11-30 00:00:00+05:30,50.0,50.8,48.0,50.3,4219
ELECTHERM,2015-12-01 00:00:00+05:30,49.35,51.0,48.75,49.4,2050
ELECTHERM,2015-12-02 00:00:00+05:30,48.8,50.95,48.6,50.9,1700
ELECTHERM,2015-12-03 00:00:00+05:30,52.7,52.7,48.4,49.6,2167
ELECTHERM,2015-12-04 00:00:00+05:30,46.0,50.9,45.35,50.0,2621
ELECTHERM,2015-12-07 00:00:00+05:30,46.25,52.8,45.05,51.05,5854
ELECTHERM,2015-12-08 00:00:00+05:30,52.2,54.15,51.1,53.9,7752
ELECTHERM,2015-12-09 00:00:00+05:30,53.0,53.0,48.6,48.85,1436
ELECTHERM,2015-12-10 00:00:00+05:30,47.05,51.0,47.05,49.85,2091
ELECTHERM,2015-12-11 00:00:00+05:30,51.35,51.35,49.05,49.05,310
ELECTHERM,2015-12-14 00:00:00+05:30,48.0,49.65,47.35,48.9,1507
ELECTHERM,2015-12-15 00:00:00+05:30,49.65,50.0,47.6,49.05,15143
ELECTHERM,2015-12-16 00:00:00+05:30,48.6,50.35,47.0,48.5,10869
ELECTHERM,2015-12-17 00:00:00+05:30,48.5,48.5,46.9,47.45,1930
ELECTHERM,2015-12-18 00:00:00+05:30,46.05,48.75,46.05,47.2,1833
ELECTHERM,2015-12-21 00:00:00+05:30,46.3,48.0,46.3,47.85,1392
ELECTHERM,2015-12-22 00:00:00+05:30,48.95,48.95,47.1,48.05,2886
ELECTHERM,2015-12-23 00:00:00+05:30,48.2,48.65,45.0,47.9,11382
ELECTHERM,2015-12-24 00:00:00+05:30,46.85,51.8,46.8,50.6,7464
ELECTHERM,2015-12-28 00:00:00+05:30,50.5,51.45,48.4,49.2,3573
ELECTHERM,2015-12-29 00:00:00+05:30,49.5,50.95,49.15,50.0,13932
ELECTHERM,2015-12-30 00:00:00+05:30,50.0,50.75,47.35,49.9,9511
ELECTHERM,2015-12-31 00:00:00+05:30,49.5,49.9,48.15,49.0,4139
ELECTHERM,2015-12-31 09:29:00+05:30,49.5,49.9,48.15,49.0,4139
ELECTHERM,2016-01-01 09:46:00+05:30,49.0,52.95,48.0,51.6,14668
ELECTHERM,2016-01-04 09:18:00+05:30,52.6,52.6,49.5,50.9,9583
ELECTHERM,2016-01-05 09:35:00+05:30,51.65,55.55,48.05,54.05,10520
ELECTHERM,2016-01-06 09:21:00+05:30,54.05,54.05,50.4,51.35,4727
ELECTHERM,2016-01-07 09:59:00+05:30,49.0,50.55,47.5,48.3,399
ELECTHERM,2016-01-08 10:32:00+05:30,49.3,51.0,49.3,50.15,1038
ELECTHERM,2016-01-11 09:19:00+05:30,50.8,51.4,48.3,50.45,3287
ELECTHERM,2016-01-12 09:29:00+05:30,47.2,50.75,47.2,47.9,2994
ELECTHERM,2016-01-13 09:30:00+05:30,49.5,50.4,41.0,45.15,10369
ELECTHERM,2016-01-14 09:22:00+05:30,45.0,46.5,44.05,45.55,1692
ELECTHERM,2016-01-15 09:43:00+05:30,45.2,47.9,44.0,44.1,1358
ELECTHERM,2016-01-18 10:12:00+05:30,43.0,43.95,38.6,38.6,1058
ELECTHERM,2016-01-19 09:25:00+05:30,37.0,44.8,32.1,41.0,2943
ELECTHERM,2016-01-20 09:29:00+05:30,41.0,43.95,39.0,40.4,9395
ELECTHERM,2016-01-21 09:18:00+05:30,43.0,43.0,38.8,41.05,427
ELECTHERM,2016-01-22 09:27:00+05:30,44.7,47.7,40.7,42.1,2241
ELECTHERM,2016-01-25 09:30:00+05:30,45.0,45.5,42.35,44.05,5434
ELECTHERM,2016-01-27 09:18:00+05:30,45.5,46.1,44.5,44.55,476
ELECTHERM,2016-01-28 11:16:00+05:30,45.9,46.0,42.15,45.05,4187
ELECTHERM,2016-01-29 10:55:00+05:30,44.05,46.5,43.0,46.25,1848
ELECTHERM,2016-02-01 09:15:00+05:30,46.8,47.8,45.05,47.1,3353
ELECTHERM,2016-02-02 09:33:00+05:30,45.25,46.0,45.25,45.5,929
ELECTHERM,2016-02-03 10:12:00+05:30,45.45,46.8,44.0,45.4,2981
ELECTHERM,2016-02-04 10:16:00+05:30,43.5,46.2,43.5,45.2,2236
ELECTHERM,2016-02-05 09:20:00+05:30,46.6,47.5,46.05,47.0,9754
ELECTHERM,2016-02-08 13:20:00+05:30,45.5,47.5,45.0,45.25,1518
ELECTHERM,2016-02-09 14:18:00+05:30,45.25,45.25,45.25,45.25,135
ELECTHERM,2016-02-10 09:26:00+05:30,44.25,48.0,44.25,45.7,9380
ELECTHERM,2016-02-11 10:59:00+05:30,45.0,46.95,43.0,44.15,4329
ELECTHERM,2016-02-12 10:12:00+05:30,39.15,45.5,39.15,43.35,1999
ELECTHERM,2016-02-15 10:15:00+05:30,40.05,51.7,40.05,48.0,4440
ELECTHERM,2016-02-16 11:01:00+05:30,47.95,48.95,47.95,48.25,1882
ELECTHERM,2016-02-17 09:43:00+05:30,49.5,49.5,46.0,46.55,11656
ELECTHERM,2016-02-18 09:34:00+05:30,51.0,51.0,44.05,45.2,5360
ELECTHERM,2016-02-19 10:20:00+05:30,45.95,49.0,43.25,47.5,10340
ELECTHERM,2016-02-22 10:23:00+05:30,45.25,46.0,45.2,45.7,690
ELECTHERM,2016-02-23 09:17:00+05:30,44.05,49.0,44.0,45.25,3643
ELECTHERM,2016-02-24 09:51:00+05:30,45.0,46.65,43.0,43.2,5121
ELECTHERM,2016-02-25 13:21:00+05:30,43.05,47.0,43.0,46.3,1396
ELECTHERM,2016-02-26 09:27:00+05:30,46.6,48.75,43.0,47.0,3264
ELECTHERM,2016-02-29 10:09:00+05:30,44.0,48.95,44.0,47.25,2445
ELECTHERM,2016-03-01 10:42:00+05:30,47.25,50.7,45.5,48.3,2542
ELECTHERM,2016-03-02 09:27:00+05:30,46.0,51.0,46.0,49.0,132
ELECTHERM,2016-03-03 11:48:00+05:30,46.6,48.95,46.6,47.55,7265
ELECTHERM,2016-03-04 10:34:00+05:30,48.7,48.8,45.0,45.45,1841
ELECTHERM,2016-03-08 09:53:00+05:30,45.8,46.4,44.1,45.05,1886
ELECTHERM,2016-03-09 11:01:00+05:30,45.0,47.45,45.0,45.45,2892
ELECTHERM,2016-03-10 11:12:00+05:30,44.6,48.0,43.0,46.7,5441
ELECTHERM,2016-03-11 11:07:00+05:30,46.95,47.0,45.25,46.5,1520
ELECTHERM,2016-03-14 09:15:00+05:30,46.0,48.7,45.0,48.0,7380
ELECTHERM,2016-03-15 10:06:00+05:30,45.15,47.65,45.15,46.35,4539
ELECTHERM,2016-03-16 09:19:00+05:30,45.55,47.25,45.15,47.0,1456
ELECTHERM,2016-03-17 13:01:00+05:30,46.1,47.0,45.8,46.9,616
ELECTHERM,2016-03-18 11:23:00+05:30,46.9,47.4,46.9,46.95,1900
ELECTHERM,2016-03-21 09:59:00+05:30,45.35,48.9,45.35,47.55,2802
ELECTHERM,2016-03-22 09:19:00+05:30,45.0,47.1,45.0,47.1,993
ELECTHERM,2016-03-23 13:09:00+05:30,46.55,47.8,46.0,46.95,3870
ELECTHERM,2016-03-28 09:57:00+05:30,48.8,48.95,45.2,48.0,2981
ELECTHERM,2016-03-29 09:39:00+05:30,48.9,48.9,43.6,46.0,7568
ELECTHERM,2016-03-30 09:37:00+05:30,48.85,54.3,46.0,47.3,13668
ELECTHERM,2016-03-31 11:01:00+05:30,48.05,48.85,46.65,47.2,1045
ELECTHERM,2016-04-01 09:27:00+05:30,49.9,49.9,47.4,47.4,690
ELECTHERM,2016-04-04 09:35:00+05:30,47.3,50.0,47.3,49.0,73
ELECTHERM,2016-04-05 10:09:00+05:30,47.65,50.15,47.0,50.15,1274
ELECTHERM,2016-04-06 09:42:00+05:30,49.0,49.1,49.0,49.1,10250
ELECTHERM,2016-04-07 09:20:00+05:30,46.05,52.0,46.05,51.75,3437
ELECTHERM,2016-04-08 09:26:00+05:30,48.7,54.0,47.55,52.5,4566
ELECTHERM,2016-04-11 09:24:00+05:30,53.5,63.0,51.25,63.0,8504
ELECTHERM,2016-04-12 09:15:00+05:30,68.5,75.6,68.0,75.6,43844
ELECTHERM,2016-04-13 09:15:00+05:30,77.0,82.9,73.1,74.6,156199
ELECTHERM,2016-04-18 09:15:00+05:30,78.9,82.05,73.8,82.05,29967
ELECTHERM,2016-04-20 09:15:00+05:30,86.1,90.25,84.95,90.25,119370
ELECTHERM,2016-04-21 09:15:00+05:30,92.0,93.85,84.0,87.35,45148
ELECTHERM,2016-04-22 09:16:00+05:30,85.1,88.0,81.3,84.3,20431
ELECTHERM,2016-04-25 09:22:00+05:30,83.0,83.5,78.05,80.9,11261
ELECTHERM,2016-04-26 09:19:00+05:30,81.4,81.4,77.4,78.65,5363
ELECTHERM,2016-04-27 09:22:00+05:30,76.1,78.05,74.15,76.85,9514
ELECTHERM,2016-04-28 09:15:00+05:30,73.3,78.0,73.0,73.15,7712
ELECTHERM,2016-04-29 09:22:00+05:30,73.05,73.5,68.0,69.0,8716
ELECTHERM,2016-05-02 09:17:00+05:30,70.0,72.95,67.8,72.25,7895
ELECTHERM,2016-05-03 09:28:00+05:30,72.0,79.45,72.0,79.45,31788
ELECTHERM,2016-05-04 09:15:00+05:30,80.9,86.9,76.0,81.45,33553
ELECTHERM,2016-05-05 09:15:00+05:30,78.25,89.55,76.5,77.4,94273
ELECTHERM,2016-05-06 09:16:00+05:30,78.9,80.7,75.55,78.8,10864
ELECTHERM,2016-05-09 09:18:00+05:30,80.7,80.7,74.1,76.95,7218
ELECTHERM,2016-05-10 09:15:00+05:30,75.1,78.0,72.55,73.35,8703
ELECTHERM,2016-05-11 09:40:00+05:30,74.8,74.8,66.0,68.6,11140
ELECTHERM,2016-05-12 09:15:00+05:30,75.7,75.7,67.0,68.3,31888
ELECTHERM,2016-05-13 09:17:00+05:30,68.3,69.75,66.0,66.65,8725
ELECTHERM,2016-05-16 09:16:00+05:30,72.0,72.0,63.7,64.25,9557
ELECTHERM,2016-05-17 09:19:00+05:30,67.0,67.5,62.2,63.5,5958
ELECTHERM,2016-05-18 09:17:00+05:30,66.5,67.4,62.5,66.65,7107
ELECTHERM,2016-05-19 09:24:00+05:30,65.5,67.0,63.0,63.15,4456
ELECTHERM,2016-05-20 09:21:00+05:30,62.35,64.7,61.1,61.7,7965
ELECTHERM,2016-05-23 09:15:00+05:30,67.95,67.95,58.6,59.3,9793
ELECTHERM,2016-05-24 09:40:00+05:30,58.0,60.45,57.1,58.35,5771
ELECTHERM,2016-05-25 09:34:00+05:30,57.5,61.0,57.5,58.8,6063
ELECTHERM,2016-05-26 09:24:00+05:30,58.0,60.0,57.2,58.55,3570
ELECTHERM,2016-05-27 09:45:00+05:30,60.95,61.5,58.05,58.8,1174
ELECTHERM,2016-05-30 09:18:00+05:30,58.1,59.5,56.1,58.25,2769
ELECTHERM,2016-05-31 09:26:00+05:30,55.25,57.5,52.25,54.3,4939
ELECTHERM,2016-06-01 09:17:00+05:30,57.9,64.0,52.7,58.15,2254
ELECTHERM,2016-06-02 09:53:00+05:30,57.55,58.8,56.0,56.0,1125
ELECTHERM,2016-06-03 09:32:00+05:30,55.4,55.85,53.7,55.25,3089
ELECTHERM,2016-06-06 09:18:00+05:30,54.0,56.8,52.3,54.2,3419
ELECTHERM,2016-06-07 09:28:00+05:30,54.65,55.0,54.0,54.0,1701
ELECTHERM,2016-06-08 09:16:00+05:30,54.0,54.7,52.2,53.3,1720
ELECTHERM,2016-06-09 09:51:00+05:30,53.0,63.95,53.0,63.95,37529
ELECTHERM,2016-06-10 09:15:00+05:30,68.55,76.7,68.55,76.7,77518
ELECTHERM,2016-06-13 09:15:00+05:30,78.9,90.05,78.9,82.65,255565
ELECTHERM,2016-06-14 09:15:00+05:30,82.0,87.9,74.65,85.25,111222
ELECTHERM,2016-06-15 09:15:00+05:30,83.55,93.75,82.5,93.55,237268
ELECTHERM,2016-06-16 09:15:00+05:30,92.95,92.95,84.2,84.35,37933
ELECTHERM,2016-06-17 09:15:00+05:30,85.0,85.5,77.3,78.65,15545
ELECTHERM,2016-06-20 09:16:00+05:30,84.0,84.0,77.5,79.2,10426
ELECTHERM,2016-06-21 09:21:00+05:30,77.5,80.0,77.5,78.45,3807
ELECTHERM,2016-06-22 09:16:00+05:30,77.5,79.2,73.1,73.85,7165
ELECTHERM,2016-06-23 09:15:00+05:30,73.8,77.0,73.3,75.6,4256
ELECTHERM,2016-06-24 09:35:00+05:30,74.0,74.0,71.85,72.5,11841
ELECTHERM,2016-06-27 09:25:00+05:30,73.8,75.0,71.0,71.65,5100
ELECTHERM,2016-06-28 09:34:00+05:30,72.0,75.2,72.0,72.25,3135
ELECTHERM,2016-06-29 09:16:00+05:30,71.5,75.85,71.5,75.85,14704
ELECTHERM,2016-06-30 09:15:00+05:30,79.6,79.6,76.0,78.7,15231
ELECTHERM,2016-07-01 09:15:00+05:30,82.6,82.6,75.2,77.0,13073
ELECTHERM,2016-07-04 09:18:00+05:30,77.0,80.5,73.15,73.25,24789
ELECTHERM,2016-07-05 09:19:00+05:30,72.05,76.9,71.0,76.9,17536
ELECTHERM,2016-07-07 09:15:00+05:30,80.7,80.7,79.95,80.7,15728
ELECTHERM,2016-07-08 09:15:00+05:30,82.85,82.85,76.7,76.7,18264
ELECTHERM,2016-07-11 09:20:00+05:30,79.95,79.95,75.05,76.7,3045
ELECTHERM,2016-07-12 09:41:00+05:30,76.0,76.9,73.15,73.8,5930
ELECTHERM,2016-07-13 09:21:00+05:30,76.9,76.9,72.55,73.2,2423
ELECTHERM,2016-07-14 09:31:00+05:30,73.1,74.6,70.55,71.7,6458
ELECTHERM,2016-07-15 09:16:00+05:30,73.95,74.4,71.1,71.55,2388
ELECTHERM,2016-07-18 09:18:00+05:30,75.1,75.1,71.0,72.45,20970
ELECTHERM,2016-07-19 09:15:00+05:30,76.05,76.05,73.05,73.4,12509
ELECTHERM,2016-07-20 09:18:00+05:30,75.95,76.0,71.3,72.95,6798
ELECTHERM,2016-07-21 09:43:00+05:30,74.0,75.95,71.4,72.8,6606
ELECTHERM,2016-07-22 09:30:00+05:30,71.5,76.0,71.5,73.25,16040
ELECTHERM,2016-07-25 09:58:00+05:30,74.3,76.0,74.0,75.55,5016
ELECTHERM,2016-07-26 09:17:00+05:30,78.7,78.7,75.1,75.5,6345
ELECTHERM,2016-07-27 09:38:00+05:30,74.1,76.0,73.6,74.05,4329
ELECTHERM,2016-07-28 09:52:00+05:30,74.0,77.7,72.15,76.55,12161
ELECTHERM,2016-07-29 10:26:00+05:30,76.5,77.0,74.0,75.45,1959
ELECTHERM,2016-08-01 09:29:00+05:30,75.25,77.4,74.0,76.9,3325
ELECTHERM,2016-08-02 09:56:00+05:30,77.0,80.0,76.5,77.35,7857
ELECTHERM,2016-08-03 09:41:00+05:30,78.7,79.0,76.0,77.5,2405
ELECTHERM,2016-08-04 09:25:00+05:30,74.65,79.2,74.65,75.95,4740
ELECTHERM,2016-08-05 09:24:00+05:30,78.5,83.5,73.8,83.5,37956
ELECTHERM,2016-08-08 09:15:00+05:30,86.8,91.85,82.7,91.85,34354
ELECTHERM,2016-08-09 09:15:00+05:30,97.95,101.0,94.1,101.0,11649
ELECTHERM,2016-08-10 09:15:00+05:30,106.05,106.05,95.95,105.05,69883
ELECTHERM,2016-08-11 09:15:00+05:30,110.3,110.3,103.0,110.25,42756
ELECTHERM,2016-08-12 09:15:00+05:30,113.6,115.75,107.15,113.2,38243
ELECTHERM,2016-08-16 09:17:00+05:30,117.4,117.4,107.6,109.7,25791
ELECTHERM,2016-08-17 09:17:00+05:30,105.2,110.8,105.2,109.35,14591
ELECTHERM,2016-08-18 09:27:00+05:30,111.0,111.2,105.2,106.65,9259
ELECTHERM,2016-08-19 09:22:00+05:30,106.4,106.4,103.1,105.25,20669
ELECTHERM,2016-08-22 09:32:00+05:30,103.4,108.0,103.4,105.3,1739
ELECTHERM,2016-08-23 09:31:00+05:30,108.4,108.4,103.25,105.1,2735
ELECTHERM,2016-08-24 09:17:00+05:30,105.9,110.35,100.15,110.35,8251
ELECTHERM,2016-08-25 09:21:00+05:30,106.05,115.85,106.05,115.85,3514
ELECTHERM,2016-08-26 09:15:00+05:30,119.6,121.6,119.6,121.6,5811
ELECTHERM,2016-08-29 09:17:00+05:30,127.65,127.65,127.65,127.65,2520
ELECTHERM,2016-08-30 09:15:00+05:30,134.0,134.0,129.25,134.0,5358
ELECTHERM,2016-08-31 09:15:00+05:30,140.0,140.7,140.0,140.7,6824
ELECTHERM,2016-09-01 09:15:00+05:30,144.8,147.7,134.05,147.7,20116
ELECTHERM,2016-09-02 09:15:00+05:30,155.05,155.05,152.0,155.05,5617
ELECTHERM,2016-09-06 09:17:00+05:30,162.8,162.8,159.0,162.8,8092
ELECTHERM,2016-09-07 09:15:00+05:30,170.0,170.9,168.0,170.9,7231
ELECTHERM,2016-09-08 09:15:00+05:30,178.45,179.4,178.0,179.4,2593
ELECTHERM,2016-09-09 09:16:00+05:30,188.35,188.35,170.45,170.45,89313
ELECTHERM,2016-09-12 09:15:00+05:30,165.05,171.9,161.95,161.95,26176
ELECTHERM,2016-09-14 09:15:00+05:30,160.0,160.0,153.9,153.9,17772
ELECTHERM,2016-09-15 09:15:00+05:30,146.25,156.4,146.25,146.25,17993
ELECTHERM,2016-09-16 09:15:00+05:30,144.5,153.55,139.5,153.55,32259
ELECTHERM,2016-09-19 09:16:00+05:30,161.2,161.2,161.2,161.2,3062
ELECTHERM,2016-09-20 09:15:00+05:30,169.25,169.25,153.15,168.3,60030
ELECTHERM,2016-09-21 09:15:00+05:30,176.35,176.35,160.6,172.05,10451
ELECTHERM,2016-09-22 09:17:00+05:30,177.5,178.4,170.05,175.3,9006
ELECTHERM,2016-09-23 09:15:00+05:30,168.0,177.8,166.65,171.6,5740
ELECTHERM,2016-09-26 09:21:00+05:30,169.0,172.9,163.05,165.0,5955
ELECTHERM,2016-09-27 09:36:00+05:30,162.1,166.95,157.5,160.6,1880
ELECTHERM,2016-09-28 10:02:00+05:30,158.05,168.6,155.15,165.15,2968
ELECTHERM,2016-09-29 12:17:00+05:30,160.0,160.0,156.9,156.9,1508
ELECTHERM,2016-09-30 09:23:00+05:30,163.0,163.0,149.25,155.9,4864
ELECTHERM,2016-10-03 09:23:00+05:30,151.0,163.65,151.0,161.6,5493
ELECTHERM,2016-10-04 09:28:00+05:30,160.0,165.0,157.05,159.4,3865
ELECTHERM,2016-10-05 09:16:00+05:30,158.4,167.35,153.1,167.35,7402
ELECTHERM,2016-10-06 09:17:00+05:30,168.25,175.7,165.0,175.7,13758
ELECTHERM,2016-10-07 09:15:00+05:30,180.0,187.0,177.35,180.1,15694
ELECTHERM,2016-10-10 09:26:00+05:30,179.1,186.8,173.0,181.0,10648
ELECTHERM,2016-10-13 09:24:00+05:30,172.1,182.0,172.1,179.55,3731
ELECTHERM,2016-10-14 09:15:00+05:30,162.0,184.9,162.0,182.7,11386
ELECTHERM,2016-10-17 09:15:00+05:30,186.0,196.0,176.05,183.55,10160
ELECTHERM,2016-10-18 09:15:00+05:30,192.95,192.95,183.95,185.65,3830
ELECTHERM,2016-10-19 09:18:00+05:30,184.2,188.75,179.7,183.75,2564
ELECTHERM,2016-10-20 09:16:00+05:30,178.0,189.6,178.0,184.45,3088
ELECTHERM,2016-10-21 09:20:00+05:30,188.5,197.0,184.0,192.35,11385
ELECTHERM,2016-10-24 09:17:00+05:30,195.1,211.55,195.1,211.55,22067
ELECTHERM,2016-10-25 09:15:00+05:30,214.95,232.7,201.5,232.7,48268
ELECTHERM,2016-10-26 09:15:00+05:30,235.0,244.3,226.0,244.3,63081
ELECTHERM,2016-10-27 09:15:00+05:30,249.9,254.0,236.3,241.75,18529
ELECTHERM,2016-10-28 09:17:00+05:30,247.8,248.5,229.7,233.1,9956
ELECTHERM,2016-11-01 09:23:00+05:30,240.1,244.4,225.2,240.45,25061
ELECTHERM,2016-11-02 09:17:00+05:30,235.0,238.9,228.45,234.8,11665
ELECTHERM,2016-11-03 09:17:00+05:30,229.1,238.0,224.0,229.55,9524
ELECTHERM,2016-11-04 09:20:00+05:30,227.2,230.0,218.1,218.1,7110
ELECTHERM,2016-11-07 09:16:00+05:30,213.25,219.9,207.2,207.85,6097
ELECTHERM,2016-11-08 09:44:00+05:30,208.05,213.0,197.8,209.0,7600
ELECTHERM,2016-11-09 09:29:00+05:30,198.55,212.9,198.55,198.65,5016
ELECTHERM,2016-11-10 09:16:00+05:30,204.5,208.55,192.0,208.55,3115
ELECTHERM,2016-11-11 09:15:00+05:30,218.8,218.8,198.15,198.15,5353
ELECTHERM,2016-11-15 09:19:00+05:30,196.95,197.0,188.25,188.25,3728
ELECTHERM,2016-11-16 09:15:00+05:30,190.5,190.5,178.85,179.8,10272
ELECTHERM,2016-11-17 09:19:00+05:30,172.05,183.75,170.85,170.85,5485
ELECTHERM,2016-11-18 09:16:00+05:30,169.5,169.5,162.35,162.9,11806
ELECTHERM,2016-11-21 09:17:00+05:30,156.0,160.0,154.8,154.8,1502
ELECTHERM,2016-11-22 09:15:00+05:30,147.1,147.1,147.1,147.1,301
ELECTHERM,2016-11-23 09:15:00+05:30,139.8,154.45,139.75,154.4,20393
ELECTHERM,2016-11-24 09:15:00+05:30,160.9,162.1,150.0,161.45,13733
ELECTHERM,2016-11-25 09:17:00+05:30,161.9,169.5,161.9,169.5,4555
ELECTHERM,2016-11-28 09:20:00+05:30,177.9,177.95,168.25,177.95,3741
ELECTHERM,2016-11-29 09:15:00+05:30,186.8,186.8,186.8,186.8,2000
ELECTHERM,2016-11-30 09:20:00+05:30,196.1,196.1,196.1,196.1,172
ELECTHERM,2016-12-01 09:21:00+05:30,205.9,205.9,186.3,190.6,17851
ELECTHERM,2016-12-02 09:19:00+05:30,186.0,195.0,181.25,182.05,5275
ELECTHERM,2016-12-05 09:23:00+05:30,174.5,184.95,172.95,178.35,4912
ELECTHERM,2016-12-06 09:15:00+05:30,186.9,187.25,186.0,187.25,2882
ELECTHERM,2016-12-07 09:26:00+05:30,196.6,196.6,187.25,189.4,6718
ELECTHERM,2016-12-08 09:45:00+05:30,190.4,198.1,182.0,190.15,3575
ELECTHERM,2016-12-09 09:25:00+05:30,190.7,191.9,183.5,185.7,1307
ELECTHERM,2016-12-12 09:33:00+05:30,183.65,191.8,176.45,179.1,4538
ELECTHERM,2016-12-13 09:44:00+05:30,183.7,183.7,178.0,182.9,1810
ELECTHERM,2016-12-14 09:18:00+05:30,187.0,189.9,186.0,186.5,2228
ELECTHERM,2016-12-15 09:16:00+05:30,186.0,191.0,180.6,187.95,2864
ELECTHERM,2016-12-16 09:16:00+05:30,194.85,194.85,183.4,185.75,4352
ELECTHERM,2016-12-19 09:28:00+05:30,183.05,189.7,180.2,184.5,1496
ELECTHERM,2016-12-20 10:19:00+05:30,184.0,185.8,181.55,182.0,646
ELECTHERM,2016-12-21 10:41:00+05:30,182.0,185.95,182.0,184.7,1081
ELECTHERM,2016-12-22 10:09:00+05:30,184.0,189.0,176.0,182.6,1352
ELECTHERM,2016-12-23 10:20:00+05:30,182.0,183.9,179.0,180.25,740
ELECTHERM,2016-12-26 09:41:00+05:30,175.0,181.4,173.0,179.8,4295
ELECTHERM,2016-12-27 10:00:00+05:30,179.0,188.75,175.0,188.2,23784
ELECTHERM,2016-12-28 09:36:00+05:30,187.0,197.6,187.0,192.85,9031
ELECTHERM,2016-12-29 09:25:00+05:30,192.0,192.0,186.0,188.15,2523
ELECTHERM,2016-12-30 10:20:00+05:30,189.05,197.55,189.0,197.55,9610
ELECTHERM,2017-01-02 09:17:00+05:30,205.0,207.4,203.55,207.4,4796
ELECTHERM,2017-01-03 09:15:00+05:30,217.75,217.75,212.05,217.75,6618
ELECTHERM,2017-01-04 09:15:00+05:30,228.4,228.4,208.05,217.95,15627
ELECTHERM,2017-01-05 09:17:00+05:30,208.05,228.8,208.0,225.55,7013
ELECTHERM,2017-01-06 09:15:00+05:30,235.9,236.8,216.05,236.65,20459
ELECTHERM,2017-01-09 09:15:00+05:30,238.0,248.0,231.0,235.1,15272
ELECTHERM,2017-01-10 09:19:00+05:30,235.0,235.0,225.0,226.95,11637
ELECTHERM,2017-01-11 09:56:00+05:30,227.0,234.7,227.0,232.85,6640
ELECTHERM,2017-01-12 09:33:00+05:30,227.35,232.4,221.25,225.55,7711
ELECTHERM,2017-01-13 09:21:00+05:30,221.5,236.0,221.5,226.7,4649
ELECTHERM,2017-01-16 09:19:00+05:30,224.0,226.5,222.0,226.0,1083
ELECTHERM,2017-01-17 09:17:00+05:30,218.25,225.0,215.0,216.1,8858
ELECTHERM,2017-01-18 09:15:00+05:30,215.0,215.0,205.8,208.45,8106
ELECTHERM,2017-01-19 09:19:00+05:30,206.0,211.0,206.0,209.6,4326
ELECTHERM,2017-01-20 09:23:00+05:30,207.0,218.0,199.15,210.55,13130
ELECTHERM,2017-01-23 09:16:00+05:30,211.0,211.0,204.55,207.1,20581
ELECTHERM,2017-01-24 09:19:00+05:30,205.0,213.8,205.0,209.8,29593
ELECTHERM,2017-01-25 09:25:00+05:30,205.25,216.5,205.2,210.4,1039
ELECTHERM,2017-01-27 09:49:00+05:30,210.0,215.0,205.4,212.05,1525
ELECTHERM,2017-01-30 09:23:00+05:30,205.65,213.8,202.5,207.2,7914
ELECTHERM,2017-01-31 09:22:00+05:30,201.95,209.0,201.6,207.9,26207
ELECTHERM,2017-02-01 09:20:00+05:30,208.0,216.0,206.0,212.2,9622
ELECTHERM,2017-02-02 09:57:00+05:30,211.5,214.7,207.1,209.85,14314
ELECTHERM,2017-02-03 09:32:00+05:30,201.2,209.9,201.15,206.25,2712
ELECTHERM,2017-02-06 09:24:00+05:30,201.0,204.95,199.05,201.2,6126
ELECTHERM,2017-02-07 09:35:00+05:30,190.0,200.0,189.2,192.7,2143
ELECTHERM,2017-02-08 09:17:00+05:30,192.7,199.0,184.0,188.85,12244
ELECTHERM,2017-02-09 09:21:00+05:30,194.8,194.8,185.0,187.65,8061
ELECTHERM,2017-02-10 09:21:00+05:30,186.0,191.0,183.4,190.5,22439
ELECTHERM,2017-02-13 09:26:00+05:30,186.15,199.0,186.0,186.25,1293
ELECTHERM,2017-02-14 09:21:00+05:30,187.0,192.0,186.0,187.95,3817
ELECTHERM,2017-02-15 09:19:00+05:30,186.0,188.6,182.5,186.3,8105
ELECTHERM,2017-02-16 10:11:00+05:30,185.5,188.0,168.2,186.8,15802
ELECTHERM,2017-02-17 09:21:00+05:30,190.75,193.7,186.05,187.8,21716
ELECTHERM,2017-02-20 09:36:00+05:30,186.5,198.0,186.5,192.5,1092
ELECTHERM,2017-02-21 09:48:00+05:30,195.0,195.9,190.2,192.0,464
ELECTHERM,2017-02-22 09:47:00+05:30,193.0,196.0,178.55,190.35,9591
ELECTHERM,2017-02-23 09:18:00+05:30,195.7,195.7,185.2,189.75,15604
ELECTHERM,2017-02-27 09:15:00+05:30,194.9,194.9,179.4,185.15,1082
ELECTHERM,2017-02-28 10:03:00+05:30,184.6,187.9,176.7,182.4,8186
ELECTHERM,2017-03-01 09:33:00+05:30,184.7,184.7,180.1,183.6,1542
ELECTHERM,2017-03-02 09:43:00+05:30,179.4,183.5,178.0,178.0,1696
ELECTHERM,2017-03-03 10:46:00+05:30,175.0,181.8,173.2,177.65,32429
ELECTHERM,2017-03-06 09:16:00+05:30,186.4,186.4,160.25,162.6,13620
ELECTHERM,2017-03-07 09:20:00+05:30,161.0,164.8,155.0,158.4,31941
ELECTHERM,2017-03-08 09:22:00+05:30,162.0,162.0,148.55,151.95,2498
ELECTHERM,2017-03-09 09:18:00+05:30,154.8,154.8,145.75,153.0,1768
ELECTHERM,2017-03-10 09:20:00+05:30,159.9,168.3,153.0,168.3,11083
ELECTHERM,2017-03-14 09:15:00+05:30,174.3,185.1,174.3,185.1,20234
ELECTHERM,2017-03-15 09:15:00+05:30,197.0,197.9,179.0,185.85,33646
ELECTHERM,2017-03-16 09:28:00+05:30,181.8,187.5,180.0,184.0,4058
ELECTHERM,2017-03-17 09:56:00+05:30,180.5,182.95,176.25,176.5,3217
ELECTHERM,2017-03-20 09:20:00+05:30,184.95,184.95,171.7,174.0,10868
ELECTHERM,2017-03-21 09:21:00+05:30,182.5,182.5,172.0,172.4,2206
ELECTHERM,2017-03-22 09:27:00+05:30,177.75,177.75,167.2,169.25,36576
ELECTHERM,2017-03-23 09:29:00+05:30,168.4,179.5,164.25,168.95,3547
ELECTHERM,2017-03-24 09:22:00+05:30,176.8,176.8,168.5,170.8,4051
ELECTHERM,2017-03-27 09:18:00+05:30,170.8,174.85,165.05,166.5,8618
ELECTHERM,2017-03-28 09:15:00+05:30,177.9,183.15,166.0,181.15,14834
ELECTHERM,2017-03-29 09:16:00+05:30,181.0,181.0,171.65,172.6,4653
ELECTHERM,2017-03-30 09:27:00+05:30,177.75,184.4,173.25,179.25,5449
ELECTHERM,2017-03-31 10:10:00+05:30,175.05,182.1,171.0,172.5,3337
ELECTHERM,2017-04-03 09:19:00+05:30,171.5,189.75,171.0,189.75,23735
ELECTHERM,2017-04-05 09:15:00+05:30,192.0,192.0,180.25,185.5,8694
ELECTHERM,2017-04-06 09:18:00+05:30,183.0,183.0,173.4,175.35,12933
ELECTHERM,2017-04-07 09:15:00+05:30,172.55,187.9,167.0,173.2,15034
ELECTHERM,2017-04-10 09:44:00+05:30,176.2,180.7,171.1,172.5,8036
ELECTHERM,2017-04-11 09:27:00+05:30,177.9,180.0,172.1,173.9,10372
ELECTHERM,2017-04-12 09:17:00+05:30,179.7,179.7,170.0,172.55,2489
ELECTHERM,2017-04-13 10:16:00+05:30,172.0,172.0,167.5,168.9,916
ELECTHERM,2017-04-17 09:37:00+05:30,168.85,173.75,160.0,163.1,10009
ELECTHERM,2017-04-18 09:21:00+05:30,168.0,168.75,162.8,163.9,6792
ELECTHERM,2017-04-19 09:15:00+05:30,174.65,174.65,160.5,162.7,1143
ELECTHERM,2017-04-20 09:25:00+05:30,163.05,174.7,160.5,167.6,3073
ELECTHERM,2017-04-21 09:20:00+05:30,166.05,170.0,163.7,165.3,1764
ELECTHERM,2017-04-24 09:31:00+05:30,164.15,166.0,157.55,161.4,3595
ELECTHERM,2017-04-25 09:15:00+05:30,167.95,170.8,161.55,165.6,20865
ELECTHERM,2017-04-26 09:15:00+05:30,166.0,178.0,166.0,176.0,15378
ELECTHERM,2017-04-27 09:16:00+05:30,176.0,187.4,173.0,185.0,14575
ELECTHERM,2017-04-28 09:15:00+05:30,189.0,189.0,180.0,183.15,10245
ELECTHERM,2017-05-02 09:15:00+05:30,185.0,189.0,185.0,187.95,7548
ELECTHERM,2017-05-03 09:19:00+05:30,187.5,203.0,186.05,197.35,7076
ELECTHERM,2017-05-04 09:19:00+05:30,195.0,197.4,188.05,189.8,4089
ELECTHERM,2017-05-05 09:23:00+05:30,188.0,197.2,185.0,185.45,2687
ELECTHERM,2017-05-08 09:16:00+05:30,185.5,189.7,185.5,186.05,1902
ELECTHERM,2017-05-09 09:15:00+05:30,204.7,204.7,188.0,190.1,6629
ELECTHERM,2017-05-10 09:24:00+05:30,187.0,193.85,183.0,189.6,1970
ELECTHERM,2017-05-11 09:30:00+05:30,187.0,200.0,183.5,195.5,15959
ELECTHERM,2017-05-12 09:16:00+05:30,187.0,196.0,180.35,193.3,8500
ELECTHERM,2017-05-15 10:23:00+05:30,192.0,197.95,191.05,194.45,7404
ELECTHERM,2017-05-16 09:40:00+05:30,191.0,194.5,191.0,192.0,451
ELECTHERM,2017-05-17 09:30:00+05:30,196.2,201.0,189.1,199.85,6624
ELECTHERM,2017-05-18 09:21:00+05:30,196.0,196.0,184.05,189.2,2059
ELECTHERM,2017-05-19 09:48:00+05:30,188.2,195.0,185.1,185.5,1535
ELECTHERM,2017-05-22 11:22:00+05:30,194.0,194.0,184.0,185.55,3883
ELECTHERM,2017-05-23 09:30:00+05:30,184.1,201.2,183.05,198.15,29892
ELECTHERM,2017-05-24 09:15:00+05:30,202.0,237.75,202.0,237.75,96007
ELECTHERM,2017-05-25 09:15:00+05:30,262.0,285.3,261.1,285.3,364551
ELECTHERM,2017-05-26 09:15:00+05:30,297.0,308.0,266.05,294.95,296679
ELECTHERM,2017-05-29 09:15:00+05:30,289.0,293.0,265.5,270.1,42748
ELECTHERM,2017-05-30 09:15:00+05:30,264.95,264.95,243.1,243.1,36382
ELECTHERM,2017-05-31 09:15:00+05:30,230.05,253.1,225.3,230.45,65420
ELECTHERM,2017-06-01 09:15:00+05:30,231.05,253.45,231.05,253.45,26107
ELECTHERM,2017-06-02 09:15:00+05:30,261.65,278.75,254.25,267.1,128312
ELECTHERM,2017-06-05 09:15:00+05:30,263.25,293.8,263.0,293.8,56358
ELECTHERM,2017-06-06 09:15:00+05:30,302.0,308.0,279.0,281.85,82231
ELECTHERM,2017-06-07 09:15:00+05:30,283.0,288.8,272.5,276.45,19381
ELECTHERM,2017-06-08 09:16:00+05:30,270.0,279.0,262.65,266.4,2482
ELECTHERM,2017-06-09 09:15:00+05:30,274.35,279.7,253.2,257.5,7467
ELECTHERM,2017-06-12 09:22:00+05:30,244.65,270.0,244.65,262.4,7423
ELECTHERM,2017-06-13 09:15:00+05:30,259.0,268.0,252.0,254.05,3148
ELECTHERM,2017-06-14 09:30:00+05:30,252.05,260.0,248.5,250.75,3527
ELECTHERM,2017-06-15 09:19:00+05:30,251.0,258.0,242.15,249.15,5369
ELECTHERM,2017-06-16 09:29:00+05:30,251.0,260.4,244.05,258.5,12011
ELECTHERM,2017-06-19 09:32:00+05:30,255.0,267.6,255.0,260.55,8487
ELECTHERM,2017-06-20 09:17:00+05:30,255.0,268.0,255.0,258.95,1113
ELECTHERM,2017-06-21 09:30:00+05:30,255.0,269.0,255.0,258.3,1532
ELECTHERM,2017-06-22 09:19:00+05:30,260.0,261.0,245.4,247.15,3238
ELECTHERM,2017-06-23 09:37:00+05:30,247.0,254.7,238.0,242.5,1298
ELECTHERM,2017-06-27 09:23:00+05:30,254.45,254.45,238.0,238.65,2435
ELECTHERM,2017-06-28 09:31:00+05:30,234.2,249.9,232.0,238.55,1854
ELECTHERM,2017-06-29 09:21:00+05:30,236.0,247.95,232.5,237.1,773
ELECTHERM,2017-06-30 09:29:00+05:30,235.1,244.9,227.35,240.45,2066
ELECTHERM,2017-07-03 09:19:00+05:30,244.0,252.45,232.05,247.2,3107
ELECTHERM,2017-07-04 09:16:00+05:30,259.55,259.55,259.55,259.55,2266
ELECTHERM,2017-07-05 09:15:00+05:30,271.9,272.5,255.5,271.3,3810
ELECTHERM,2017-07-06 09:15:00+05:30,271.0,284.4,257.75,257.9,1864
ELECTHERM,2017-07-07 09:15:00+05:30,265.0,265.0,250.2,253.65,1801
ELECTHERM,2017-07-10 12:32:00+05:30,246.0,266.0,246.0,255.05,340
ELECTHERM,2017-07-11 10:15:00+05:30,250.0,266.4,242.3,251.9,5325
ELECTHERM,2017-07-12 09:37:00+05:30,250.0,259.25,240.25,253.05,1190
ELECTHERM,2017-07-13 09:24:00+05:30,259.25,261.0,255.0,259.85,4065
ELECTHERM,2017-07-14 09:27:00+05:30,265.0,269.9,255.0,256.9,3608
ELECTHERM,2017-07-17 09:37:00+05:30,256.75,262.95,255.0,261.55,1642
ELECTHERM,2017-07-18 09:15:00+05:30,248.5,272.95,248.5,258.9,2398
ELECTHERM,2017-07-19 10:09:00+05:30,259.0,264.0,256.1,256.1,1023
ELECTHERM,2017-07-20 09:22:00+05:30,254.95,263.0,246.5,250.1,5677
ELECTHERM,2017-07-21 09:22:00+05:30,256.0,256.0,245.0,248.65,1814
ELECTHERM,2017-07-24 09:17:00+05:30,237.0,259.9,237.0,245.35,1241
ELECTHERM,2017-07-25 09:18:00+05:30,245.0,257.5,245.0,247.45,2222
ELECTHERM,2017-07-26 09:15:00+05:30,240.0,259.8,235.1,245.05,1567
ELECTHERM,2017-07-27 09:53:00+05:30,246.95,249.4,240.05,242.3,1331
ELECTHERM,2017-07-28 09:23:00+05:30,240.0,244.95,240.0,241.1,1213
ELECTHERM,2017-07-31 09:55:00+05:30,240.0,247.75,240.0,241.05,8696
ELECTHERM,2017-08-01 10:58:00+05:30,241.2,245.0,240.0,244.9,2648
ELECTHERM,2017-08-02 09:21:00+05:30,240.0,246.95,235.0,238.55,6163
ELECTHERM,2017-08-03 09:22:00+05:30,234.0,250.4,234.0,250.0,5818
ELECTHERM,2017-08-04 09:16:00+05:30,254.9,254.9,241.15,247.0,87484
ELECTHERM,2017-08-07 09:52:00+05:30,237.1,259.2,237.1,246.5,1427
ELECTHERM,2017-08-08 10:52:00+05:30,246.5,251.0,240.0,242.45,20366
ELECTHERM,2017-08-09 09:20:00+05:30,240.0,245.0,235.0,235.8,2812
ELECTHERM,2017-08-10 09:38:00+05:30,235.1,239.95,235.0,235.1,1688
ELECTHERM,2017-08-11 09:37:00+05:30,223.35,239.75,223.35,239.75,1555
ELECTHERM,2017-08-14 09:15:00+05:30,240.0,240.5,235.0,238.9,899
ELECTHERM,2017-08-16 09:51:00+05:30,236.0,240.0,227.0,228.9,14585
ELECTHERM,2017-08-17 09:40:00+05:30,227.0,237.95,217.5,220.05,44649
ELECTHERM,2017-08-18 09:43:00+05:30,220.0,220.05,212.0,219.35,3366
ELECTHERM,2017-08-21 09:16:00+05:30,220.0,230.3,220.0,228.05,2861
ELECTHERM,2017-08-22 09:32:00+05:30,224.5,229.5,216.65,216.65,9259
ELECTHERM,2017-08-23 09:20:00+05:30,226.0,226.0,205.85,208.6,14774
ELECTHERM,2017-08-24 09:37:00+05:30,216.8,217.9,210.05,211.15,2159
ELECTHERM,2017-08-28 09:51:00+05:30,217.0,221.7,214.0,221.7,2892
ELECTHERM,2017-08-29 09:18:00+05:30,229.7,232.75,224.5,232.75,5170
ELECTHERM,2017-08-30 09:17:00+05:30,244.35,244.35,240.0,244.35,5828
ELECTHERM,2017-08-31 09:15:00+05:30,250.8,256.55,248.0,250.25,6877
ELECTHERM,2017-09-01 09:49:00+05:30,249.0,255.0,245.05,252.65,5831
ELECTHERM,2017-09-04 09:17:00+05:30,264.95,264.95,240.05,240.05,14623
ELECTHERM,2017-09-05 09:23:00+05:30,235.0,242.95,232.5,236.7,3437
ELECTHERM,2017-09-06 10:38:00+05:30,233.5,248.5,233.4,248.1,2462
ELECTHERM,2017-09-07 09:15:00+05:30,259.9,260.0,235.7,235.7,16903
ELECTHERM,2017-09-08 09:15:00+05:30,231.0,241.0,229.95,231.35,22520
ELECTHERM,2017-09-11 09:20:00+05:30,239.0,239.0,219.8,221.7,12920
ELECTHERM,2017-09-12 09:15:00+05:30,227.9,228.0,213.0,223.75,7230
ELECTHERM,2017-09-13 09:26:00+05:30,227.95,227.95,216.05,218.6,19397
ELECTHERM,2017-09-14 09:37:00+05:30,223.35,224.45,220.0,222.35,7326
ELECTHERM,2017-09-15 09:15:00+05:30,218.25,224.95,218.25,222.3,17187
ELECTHERM,2017-09-18 09:15:00+05:30,224.0,233.4,218.0,233.4,6602
ELECTHERM,2017-09-19 09:16:00+05:30,241.45,241.45,228.5,235.8,9661
ELECTHERM,2017-09-20 09:17:00+05:30,241.1,247.55,230.15,247.55,28190
ELECTHERM,2017-09-21 09:15:00+05:30,247.0,258.85,236.5,243.55,15485
ELECTHERM,2017-09-22 09:16:00+05:30,240.5,254.8,231.4,231.6,10666
ELECTHERM,2017-09-25 09:26:00+05:30,226.4,231.0,220.05,229.45,28058
ELECTHERM,2017-09-26 10:57:00+05:30,225.0,227.0,221.1,223.05,3047
ELECTHERM,2017-09-27 11:25:00+05:30,229.85,231.9,221.0,221.35,3764
ELECTHERM,2017-09-28 09:32:00+05:30,223.0,225.0,222.25,222.3,20508
ELECTHERM,2017-09-29 09:31:00+05:30,223.2,233.4,221.0,224.95,12548
ELECTHERM,2017-10-03 09:30:00+05:30,228.0,236.15,223.5,236.1,66525
ELECTHERM,2017-10-04 09:15:00+05:30,247.0,247.0,230.0,238.0,8405
ELECTHERM,2017-10-05 09:54:00+05:30,238.2,238.2,227.05,228.25,965
ELECTHERM,2017-10-06 09:23:00+05:30,228.0,236.0,227.45,235.3,11040
ELECTHERM,2017-10-09 09:31:00+05:30,235.05,258.4,231.1,238.25,14489
ELECTHERM,2017-10-10 09:43:00+05:30,238.45,240.0,230.4,234.0,1009
ELECTHERM,2017-10-11 09:16:00+05:30,226.1,239.5,226.1,230.7,8300
ELECTHERM,2017-10-12 09:20:00+05:30,233.0,233.0,226.5,229.95,6389
ELECTHERM,2017-10-13 09:18:00+05:30,235.0,235.0,226.0,229.8,1771
ELECTHERM,2017-10-16 09:18:00+05:30,230.0,232.7,220.6,225.85,3515
ELECTHERM,2017-10-17 09:22:00+05:30,222.05,232.0,222.05,224.15,1647
ELECTHERM,2017-10-18 09:20:00+05:30,223.0,240.0,210.0,218.55,13067
ELECTHERM,2017-10-23 09:21:00+05:30,225.5,240.0,219.2,221.05,7353
ELECTHERM,2017-10-24 09:26:00+05:30,222.0,227.9,217.7,220.0,5584
ELECTHERM,2017-10-25 09:25:00+05:30,218.55,229.95,218.0,221.0,2884
ELECTHERM,2017-10-26 09:16:00+05:30,221.0,224.0,217.0,219.1,969
ELECTHERM,2017-10-27 09:49:00+05:30,218.4,222.9,212.6,215.1,6706
ELECTHERM,2017-10-30 09:18:00+05:30,214.1,218.9,213.0,217.9,1841
ELECTHERM,2017-10-31 09:36:00+05:30,224.2,224.2,215.0,215.1,8806
ELECTHERM,2017-11-01 09:26:00+05:30,217.95,219.4,213.0,216.3,3073
ELECTHERM,2017-11-02 09:26:00+05:30,213.95,219.9,211.1,212.25,2012
ELECTHERM,2017-11-03 09:20:00+05:30,211.4,213.0,210.0,211.6,2687
ELECTHERM,2017-11-06 09:19:00+05:30,211.1,215.0,205.45,208.05,4000
ELECTHERM,2017-11-07 09:48:00+05:30,208.5,214.9,208.05,210.25,28116
ELECTHERM,2017-11-08 09:30:00+05:30,208.0,210.0,208.0,209.6,2035
ELECTHERM,2017-11-09 09:15:00+05:30,209.5,209.5,191.0,196.4,14838
ELECTHERM,2017-11-10 09:24:00+05:30,195.2,200.0,187.1,196.55,3801
ELECTHERM,2017-11-13 09:22:00+05:30,194.05,195.05,181.0,184.25,11668
ELECTHERM,2017-11-14 09:33:00+05:30,185.7,185.7,168.0,179.1,8084
ELECTHERM,2017-11-15 09:35:00+05:30,179.5,179.5,168.0,171.75,1464
ELECTHERM,2017-11-16 09:38:00+05:30,174.9,177.4,170.0,175.8,1395
ELECTHERM,2017-11-17 09:17:00+05:30,175.8,181.0,172.3,175.05,4143
ELECTHERM,2017-11-20 10:51:00+05:30,174.95,180.9,172.6,174.65,2534
ELECTHERM,2017-11-21 09:18:00+05:30,171.5,175.0,168.0,169.1,32553
ELECTHERM,2017-11-22 09:16:00+05:30,171.0,173.85,169.1,171.1,1818
ELECTHERM,2017-11-23 09:39:00+05:30,173.0,175.0,170.0,170.45,1947
ELECTHERM,2017-11-24 09:22:00+05:30,169.5,174.8,169.5,170.75,8705
ELECTHERM,2017-11-27 09:49:00+05:30,174.0,186.7,171.3,183.4,3697
ELECTHERM,2017-11-28 09:16:00+05:30,199.7,201.7,181.35,185.45,95047
ELECTHERM,2017-11-29 09:19:00+05:30,186.0,189.35,171.0,172.5,19569
ELECTHERM,2017-11-30 09:27:00+05:30,171.0,174.0,168.4,170.25,19567
ELECTHERM,2017-12-01 09:15:00+05:30,177.0,177.0,160.0,170.7,19721
ELECTHERM,2017-12-04 09:16:00+05:30,172.0,184.0,170.45,172.15,2068
ELECTHERM,2017-12-05 09:20:00+05:30,172.0,174.0,166.1,168.45,2046
ELECTHERM,2017-12-06 09:15:00+05:30,171.5,171.5,162.75,163.35,6342
ELECTHERM,2017-12-07 09:23:00+05:30,164.1,170.0,162.35,164.4,19885
ELECTHERM,2017-12-08 09:23:00+05:30,164.4,166.5,161.35,162.3,14527
ELECTHERM,2017-12-11 09:15:00+05:30,166.45,166.5,158.0,159.5,10863
ELECTHERM,2017-12-12 09:16:00+05:30,157.1,161.8,141.0,144.8,13859
ELECTHERM,2017-12-13 09:15:00+05:30,151.0,151.0,138.0,143.5,14592
ELECTHERM,2017-12-14 09:15:00+05:30,148.0,148.0,129.85,132.2,46013
ELECTHERM,2017-12-15 09:18:00+05:30,133.1,140.0,131.4,135.25,16813
ELECTHERM,2017-12-18 09:15:00+05:30,135.5,139.0,128.4,132.3,10441
ELECTHERM,2017-12-19 09:15:00+05:30,134.1,158.75,134.0,158.75,249180
ELECTHERM,2017-12-20 09:15:00+05:30,165.8,190.5,161.25,190.5,225302
ELECTHERM,2017-12-21 09:15:00+05:30,203.0,217.0,192.25,195.75,556919
ELECTHERM,2017-12-22 09:15:00+05:30,195.85,200.45,176.2,178.75,207205
ELECTHERM,2017-12-26 09:15:00+05:30,183.8,183.8,172.1,174.45,54710
ELECTHERM,2017-12-27 09:16:00+05:30,174.3,175.05,168.55,170.15,93567
ELECTHERM,2017-12-28 09:15:00+05:30,169.05,170.55,158.65,162.4,32829
ELECTHERM,2017-12-29 09:15:00+05:30,162.0,168.0,161.0,162.35,30429
ELECTHERM,2018-01-01 09:15:00+05:30,166.4,167.8,159.0,160.55,16425
ELECTHERM,2018-01-02 09:15:00+05:30,163.5,163.5,156.0,156.6,68192
ELECTHERM,2018-01-03 09:15:00+05:30,162.0,162.0,156.3,158.35,73629
ELECTHERM,2018-01-04 09:25:00+05:30,159.8,174.15,157.05,174.15,44440
ELECTHERM,2018-01-05 09:15:00+05:30,184.0,184.9,165.0,173.4,132822
ELECTHERM,2018-01-08 09:15:00+05:30,175.0,175.2,166.7,167.9,21428
ELECTHERM,2018-01-09 09:24:00+05:30,170.0,174.9,166.45,166.9,6865
ELECTHERM,2018-01-10 09:17:00+05:30,165.2,169.9,161.3,165.35,9353
ELECTHERM,2018-01-11 09:19:00+05:30,164.0,169.7,163.0,164.15,61083
ELECTHERM,2018-01-12 09:19:00+05:30,164.0,168.8,160.0,162.0,57212
ELECTHERM,2018-01-15 09:18:00+05:30,162.0,169.3,160.3,165.9,20671
ELECTHERM,2018-01-16 09:21:00+05:30,166.0,169.0,156.15,157.7,58706
ELECTHERM,2018-01-17 09:15:00+05:30,157.5,173.45,154.0,173.45,37662
ELECTHERM,2018-01-18 09:15:00+05:30,181.95,182.0,158.0,163.1,79198
ELECTHERM,2018-01-19 09:17:00+05:30,163.1,164.5,160.15,162.85,4172
ELECTHERM,2018-01-22 09:16:00+05:30,161.95,165.0,159.0,159.95,8669
ELECTHERM,2018-01-23 09:19:00+05:30,161.85,161.9,158.35,159.35,25107
ELECTHERM,2018-01-24 09:23:00+05:30,160.0,162.0,157.0,159.6,6842
ELECTHERM,2018-01-25 09:16:00+05:30,160.6,160.95,155.0,157.15,6798
ELECTHERM,2018-01-29 09:18:00+05:30,156.55,171.05,156.55,164.8,36069
ELECTHERM,2018-01-30 09:15:00+05:30,170.0,170.0,158.05,159.5,12012
ELECTHERM,2018-01-31 09:23:00+05:30,157.15,162.8,157.1,158.25,4194
ELECTHERM,2018-02-01 09:17:00+05:30,160.0,167.8,158.0,159.05,16244
ELECTHERM,2018-02-02 09:16:00+05:30,159.0,159.0,145.2,152.1,64747
ELECTHERM,2018-02-05 09:17:00+05:30,146.1,156.9,145.1,152.25,4669
ELECTHERM,2018-02-06 09:16:00+05:30,145.0,148.9,138.0,145.75,14929
ELECTHERM,2018-02-07 09:16:00+05:30,155.0,155.0,145.05,151.45,43627
ELECTHERM,2018-02-08 09:18:00+05:30,153.7,176.0,153.7,169.05,74825
ELECTHERM,2018-02-09 09:15:00+05:30,165.7,165.7,159.0,161.45,33066
ELECTHERM,2018-02-12 09:16:00+05:30,164.7,166.0,161.4,162.35,6407
ELECTHERM,2018-02-14 09:15:00+05:30,162.35,166.0,160.0,160.35,10346
ELECTHERM,2018-02-15 09:15:00+05:30,163.0,165.75,158.8,161.45,15232
ELECTHERM,2018-02-16 09:18:00+05:30,160.45,164.5,158.0,158.8,5951
ELECTHERM,2018-02-19 09:16:00+05:30,159.05,164.8,156.25,157.0,6590
ELECTHERM,2018-02-20 09:18:00+05:30,155.0,159.95,153.1,158.05,4088
ELECTHERM,2018-02-21 09:15:00+05:30,155.15,159.95,155.15,156.3,4782
ELECTHERM,2018-02-22 09:24:00+05:30,159.0,159.0,155.0,157.3,2103
ELECTHERM,2018-02-23 09:19:00+05:30,160.0,160.0,155.2,157.1,5966
ELECTHERM,2018-02-26 09:34:00+05:30,157.1,159.0,156.0,158.05,14598
ELECTHERM,2018-02-27 09:18:00+05:30,156.0,158.95,156.0,156.1,3641
ELECTHERM,2018-02-28 09:26:00+05:30,159.75,159.75,151.25,152.25,3448
ELECTHERM,2018-03-01 09:19:00+05:30,151.5,153.0,151.1,152.05,4415
ELECTHERM,2018-03-05 09:40:00+05:30,152.4,155.3,152.0,154.2,3388
ELECTHERM,2018-03-06 09:32:00+05:30,156.85,156.9,151.3,153.75,7868
ELECTHERM,2018-03-07 09:16:00+05:30,153.75,153.75,146.05,147.6,2271
ELECTHERM,2018-03-08 09:20:00+05:30,148.25,151.0,140.1,140.75,4856
ELECTHERM,2018-03-09 09:15:00+05:30,142.5,147.25,133.0,134.4,33438
ELECTHERM,2018-03-12 09:18:00+05:30,138.5,139.95,133.55,137.0,28350
ELECTHERM,2018-03-13 09:24:00+05:30,134.25,155.0,134.25,144.35,31430
ELECTHERM,2018-03-14 09:17:00+05:30,145.25,149.0,140.6,147.55,4290
ELECTHERM,2018-03-15 09:46:00+05:30,145.5,151.0,144.5,148.85,576
ELECTHERM,2018-03-16 09:16:00+05:30,149.0,152.75,144.3,149.2,4194
ELECTHERM,2018-03-19 09:55:00+05:30,146.35,147.95,143.15,144.65,802
ELECTHERM,2018-03-20 09:33:00+05:30,142.0,145.0,137.45,138.25,3770
ELECTHERM,2018-03-21 09:27:00+05:30,139.25,142.9,138.0,139.4,3989
ELECTHERM,2018-03-22 09:18:00+05:30,138.0,142.0,138.0,138.05,1422
ELECTHERM,2018-03-23 09:21:00+05:30,135.05,136.9,130.0,132.2,29830
ELECTHERM,2018-03-26 09:16:00+05:30,135.15,137.85,127.0,129.45,6456
ELECTHERM,2018-03-27 09:21:00+05:30,130.1,133.4,129.5,132.75,2091
ELECTHERM,2018-03-28 09:16:00+05:30,130.25,134.0,127.0,130.75,4653
ELECTHERM,2018-04-02 09:15:00+05:30,132.0,140.0,131.0,136.05,2466
ELECTHERM,2018-04-03 09:15:00+05:30,139.95,139.95,132.85,137.95,1739
ELECTHERM,2018-04-04 09:23:00+05:30,137.95,146.4,136.0,136.75,5474
ELECTHERM,2018-04-05 09:21:00+05:30,142.0,164.1,137.4,164.1,26977
ELECTHERM,2018-04-06 09:15:00+05:30,178.0,189.95,150.95,164.9,255250
ELECTHERM,2018-04-09 09:15:00+05:30,165.0,168.65,158.3,164.15,32801
ELECTHERM,2018-04-10 09:15:00+05:30,167.8,170.5,162.55,166.6,19381
ELECTHERM,2018-04-11 09:15:00+05:30,165.4,168.75,158.7,161.9,8305
ELECTHERM,2018-04-12 09:21:00+05:30,161.45,163.25,158.1,160.4,7646
ELECTHERM,2018-04-13 09:20:00+05:30,160.4,166.0,158.2,159.8,10019
ELECTHERM,2018-04-16 09:21:00+05:30,158.0,158.9,153.9,155.25,3188
ELECTHERM,2018-04-17 09:15:00+05:30,153.2,160.0,153.2,156.05,18233
ELECTHERM,2018-04-18 09:17:00+05:30,154.0,181.95,154.0,164.85,128541
ELECTHERM,2018-04-19 09:15:00+05:30,164.5,174.95,163.0,170.45,40791
ELECTHERM,2018-04-20 09:17:00+05:30,169.9,169.9,161.4,163.55,7074
ELECTHERM,2018-04-23 09:20:00+05:30,164.8,167.65,158.15,160.4,7747
ELECTHERM,2018-04-24 09:20:00+05:30,160.0,166.6,158.2,160.15,29928
ELECTHERM,2018-04-25 09:15:00+05:30,159.0,163.25,155.4,157.65,5720
ELECTHERM,2018-04-26 09:20:00+05:30,157.55,160.0,155.65,157.8,9023
ELECTHERM,2018-04-27 09:16:00+05:30,156.0,158.2,155.25,156.25,2847
ELECTHERM,2018-04-30 09:15:00+05:30,156.25,159.65,154.25,155.0,1209
ELECTHERM,2018-05-02 09:27:00+05:30,156.0,159.4,155.05,158.05,2827
ELECTHERM,2018-05-03 09:16:00+05:30,159.0,159.0,154.2,154.65,1174
ELECTHERM,2018-05-04 09:15:00+05:30,153.0,160.0,151.4,153.7,64148
ELECTHERM,2018-05-07 09:20:00+05:30,153.7,162.0,151.4,159.3,36950
ELECTHERM,2018-05-08 09:18:00+05:30,158.15,167.0,157.5,163.6,13061
ELECTHERM,2018-05-09 09:17:00+05:30,164.95,165.25,160.0,163.55,3435
ELECTHERM,2018-05-10 09:15:00+05:30,168.0,168.0,154.4,156.4,5573
ELECTHERM,2018-05-11 09:19:00+05:30,160.0,162.4,154.4,155.4,6163
ELECTHERM,2018-05-14 09:20:00+05:30,153.4,165.0,153.4,162.95,15163
ELECTHERM,2018-05-15 09:15:00+05:30,168.75,172.3,162.75,167.65,65160
ELECTHERM,2018-05-16 09:15:00+05:30,168.0,168.4,158.0,159.75,3869
ELECTHERM,2018-05-17 09:25:00+05:30,158.25,163.95,155.5,156.75,2932
ELECTHERM,2018-05-18 09:15:00+05:30,156.0,160.0,154.05,159.05,2755
ELECTHERM,2018-05-21 09:17:00+05:30,159.95,160.0,154.5,156.5,3237
ELECTHERM,2018-05-22 09:21:00+05:30,156.0,159.8,153.15,158.3,21634
ELECTHERM,2018-05-23 09:19:00+05:30,156.0,164.9,155.5,161.1,17765
ELECTHERM,2018-05-24 09:20:00+05:30,161.0,162.0,156.05,159.45,4723
ELECTHERM,2018-05-25 09:21:00+05:30,160.0,168.0,160.0,165.85,36411
ELECTHERM,2018-05-28 09:15:00+05:30,199.0,199.0,168.0,178.35,222041
ELECTHERM,2018-05-29 09:15:00+05:30,180.0,181.0,168.0,171.35,28973
ELECTHERM,2018-05-30 09:17:00+05:30,170.0,174.95,165.4,169.6,12871
ELECTHERM,2018-05-31 09:26:00+05:30,170.0,171.0,165.4,168.5,31192
ELECTHERM,2018-06-01 09:19:00+05:30,171.5,171.5,156.0,159.9,40485
ELECTHERM,2018-06-04 09:16:00+05:30,159.9,161.0,145.6,149.8,49598
ELECTHERM,2018-06-05 09:17:00+05:30,149.8,155.0,136.5,143.0,28337
ELECTHERM,2018-06-06 09:15:00+05:30,149.8,149.8,137.4,145.3,9543
ELECTHERM,2018-06-07 09:22:00+05:30,147.9,169.0,144.6,159.05,31118
ELECTHERM,2018-06-08 09:15:00+05:30,162.95,164.4,152.3,160.25,14696
ELECTHERM,2018-06-11 09:20:00+05:30,157.1,163.95,157.1,160.2,3053
ELECTHERM,2018-06-12 09:20:00+05:30,158.0,160.2,150.95,152.35,12397
ELECTHERM,2018-06-13 09:17:00+05:30,154.0,154.4,151.05,151.8,6032
ELECTHERM,2018-06-14 09:22:00+05:30,154.6,164.4,148.65,158.1,4771
ELECTHERM,2018-06-15 09:16:00+05:30,163.7,163.7,152.0,154.9,10724
ELECTHERM,2018-06-18 09:23:00+05:30,154.0,154.0,150.0,150.4,4080
ELECTHERM,2018-06-19 09:27:00+05:30,148.05,154.0,148.05,150.0,2571
ELECTHERM,2018-06-20 09:20:00+05:30,148.45,155.0,148.45,149.6,2181
ELECTHERM,2018-06-21 09:17:00+05:30,147.0,147.9,143.1,144.9,9148
ELECTHERM,2018-06-22 09:31:00+05:30,144.6,145.9,141.65,144.45,1547
ELECTHERM,2018-06-25 09:15:00+05:30,144.0,145.45,142.1,143.55,1959
ELECTHERM,2018-06-26 09:50:00+05:30,143.1,145.0,141.4,141.65,2080
ELECTHERM,2018-06-27 09:21:00+05:30,140.1,146.5,134.0,136.05,5918
ELECTHERM,2018-06-28 09:17:00+05:30,144.8,144.8,133.5,135.0,1062
ELECTHERM,2018-06-29 09:19:00+05:30,134.95,139.55,130.0,135.85,2380
ELECTHERM,2018-07-02 09:18:00+05:30,135.85,145.0,131.6,142.8,3781
ELECTHERM,2018-07-03 09:18:00+05:30,142.0,145.0,138.35,139.45,2745
ELECTHERM,2018-07-04 09:20:00+05:30,139.45,145.0,139.1,144.45,3609
ELECTHERM,2018-07-05 09:25:00+05:30,141.8,144.7,140.3,143.9,1625
ELECTHERM,2018-07-06 09:21:00+05:30,145.1,145.1,140.7,141.85,2875
ELECTHERM,2018-07-09 09:18:00+05:30,142.05,145.0,142.05,143.1,2020
ELECTHERM,2018-07-10 09:18:00+05:30,143.1,171.7,143.1,171.7,79131
ELECTHERM,2018-07-11 09:15:00+05:30,176.95,179.65,160.5,163.35,77104
ELECTHERM,2018-07-12 09:15:00+05:30,163.0,169.95,156.0,157.1,14834
ELECTHERM,2018-07-13 09:15:00+05:30,157.1,160.0,151.0,157.05,8695
ELECTHERM,2018-07-16 09:20:00+05:30,155.2,155.5,147.05,149.4,10569
ELECTHERM,2018-07-17 09:18:00+05:30,149.4,152.85,147.0,148.05,2827
ELECTHERM,2018-07-18 09:18:00+05:30,146.0,149.0,143.0,143.85,4834
ELECTHERM,2018-07-19 09:39:00+05:30,143.15,144.0,140.0,140.95,3569
ELECTHERM,2018-07-20 09:17:00+05:30,141.1,146.8,141.1,143.65,3876
ELECTHERM,2018-07-23 09:52:00+05:30,150.1,154.8,146.05,149.7,12536
ELECTHERM,2018-07-24 09:15:00+05:30,155.95,155.95,144.2,146.3,9517
ELECTHERM,2018-07-25 09:21:00+05:30,149.9,149.9,145.15,147.75,5338
ELECTHERM,2018-07-26 09:16:00+05:30,146.0,152.0,145.2,146.15,7241
ELECTHERM,2018-07-27 09:20:00+05:30,148.5,148.5,143.95,145.95,5142
ELECTHERM,2018-07-30 09:23:00+05:30,145.9,145.9,141.35,142.2,5457
ELECTHERM,2018-07-31 09:15:00+05:30,144.0,144.9,142.0,143.05,2729
ELECTHERM,2018-08-01 09:18:00+05:30,141.0,145.1,141.0,142.55,4532
ELECTHERM,2018-08-02 09:16:00+05:30,143.0,143.9,141.05,142.3,3795
ELECTHERM,2018-08-03 09:46:00+05:30,142.0,144.8,141.25,143.6,6388
ELECTHERM,2018-08-06 09:21:00+05:30,147.45,158.0,146.1,152.7,19914
ELECTHERM,2018-08-07 09:26:00+05:30,153.1,154.8,148.65,150.2,2868
ELECTHERM,2018-08-08 09:40:00+05:30,150.0,169.5,148.1,160.15,37530
ELECTHERM,2018-08-09 09:19:00+05:30,161.4,161.4,156.35,157.9,3040
ELECTHERM,2018-08-10 09:22:00+05:30,157.0,166.5,156.4,163.0,13560
ELECTHERM,2018-08-13 09:15:00+05:30,163.0,173.9,159.05,169.6,19501
ELECTHERM,2018-08-14 09:15:00+05:30,169.7,175.0,164.5,170.5,22403
ELECTHERM,2018-08-16 09:15:00+05:30,166.05,172.8,155.0,157.0,24095
ELECTHERM,2018-08-17 09:15:00+05:30,161.0,161.0,152.0,154.4,15902
ELECTHERM,2018-08-20 09:19:00+05:30,158.25,158.25,152.2,155.75,6376
ELECTHERM,2018-08-21 09:26:00+05:30,155.75,158.25,151.6,152.3,7155
ELECTHERM,2018-08-23 09:20:00+05:30,150.4,154.75,150.0,152.9,10159
ELECTHERM,2018-08-24 10:35:00+05:30,151.4,183.45,151.05,183.45,86540
ELECTHERM,2018-08-27 09:15:00+05:30,205.0,216.4,197.65,205.25,673228
ELECTHERM,2018-08-28 09:15:00+05:30,201.95,203.7,191.2,192.9,98949
ELECTHERM,2018-08-29 09:15:00+05:30,190.4,207.0,185.5,193.25,206310
ELECTHERM,2018-08-30 09:15:00+05:30,193.25,194.7,185.0,186.8,81079
ELECTHERM,2018-08-31 09:15:00+05:30,188.0,190.0,175.4,178.05,28399
ELECTHERM,2018-09-03 09:15:00+05:30,178.05,182.85,167.1,170.35,35010
ELECTHERM,2018-09-04 09:15:00+05:30,170.5,170.5,161.05,162.65,18439
ELECTHERM,2018-09-05 09:15:00+05:30,160.2,162.5,156.5,158.8,17976
ELECTHERM,2018-09-06 09:15:00+05:30,159.0,190.55,158.15,190.55,168958
ELECTHERM,2018-09-07 09:15:00+05:30,205.1,218.9,196.25,203.15,350819
ELECTHERM,2018-09-10 09:15:00+05:30,198.35,198.35,190.1,191.95,71528
ELECTHERM,2018-09-11 09:15:00+05:30,191.0,192.65,180.0,182.3,29487
ELECTHERM,2018-09-12 09:15:00+05:30,187.7,189.0,182.1,186.85,25832
ELECTHERM,2018-09-14 09:15:00+05:30,189.6,205.05,189.5,192.65,57230
ELECTHERM,2018-09-17 09:15:00+05:30,189.0,193.4,183.2,189.0,26933
ELECTHERM,2018-09-18 09:22:00+05:30,188.65,191.95,183.7,184.5,14096
ELECTHERM,2018-09-19 09:15:00+05:30,187.0,190.0,173.0,177.65,15922
ELECTHERM,2018-09-21 09:15:00+05:30,177.05,190.0,159.9,168.6,27247
ELECTHERM,2018-09-24 09:15:00+05:30,174.9,175.0,163.0,166.75,42457
ELECTHERM,2018-09-25 09:15:00+05:30,163.4,170.9,160.0,164.85,15503
ELECTHERM,2018-09-26 09:15:00+05:30,166.45,172.0,165.0,166.0,8332
ELECTHERM,2018-09-27 09:17:00+05:30,166.0,168.9,160.6,163.1,13070
ELECTHERM,2018-09-28 09:15:00+05:30,165.75,165.75,154.0,159.15,28633
ELECTHERM,2018-10-01 09:15:00+05:30,154.3,157.9,147.0,153.1,151765
ELECTHERM,2018-10-03 09:15:00+05:30,155.0,155.1,147.5,149.25,17537
ELECTHERM,2018-10-04 09:25:00+05:30,148.0,149.45,146.0,146.3,8113
ELECTHERM,2018-10-05 09:18:00+05:30,142.3,149.95,140.55,143.75,22221
ELECTHERM,2018-10-08 09:16:00+05:30,142.0,145.6,135.0,138.1,15312
ELECTHERM,2018-10-09 09:17:00+05:30,139.45,144.95,137.1,139.7,6546
ELECTHERM,2018-10-10 09:17:00+05:30,140.1,161.4,140.1,156.7,36606
ELECTHERM,2018-10-11 09:15:00+05:30,156.0,167.0,142.4,150.55,32373
ELECTHERM,2018-10-12 09:15:00+05:30,158.8,161.7,152.0,153.65,21750
ELECTHERM,2018-10-15 09:15:00+05:30,155.1,160.45,155.1,157.9,6499
ELECTHERM,2018-10-16 09:15:00+05:30,160.0,162.9,153.6,155.15,6484
ELECTHERM,2018-10-17 09:17:00+05:30,156.0,159.45,148.0,149.6,10833
ELECTHERM,2018-10-19 09:30:00+05:30,149.4,151.75,148.55,149.95,8554
ELECTHERM,2018-10-22 09:17:00+05:30,151.2,152.9,146.05,150.4,72718
ELECTHERM,2018-10-23 09:15:00+05:30,151.0,151.0,145.3,146.4,5287
ELECTHERM,2018-10-24 09:16:00+05:30,151.95,151.95,147.05,148.45,11452
ELECTHERM,2018-10-25 09:15:00+05:30,145.05,149.0,145.05,146.7,5132
ELECTHERM,2018-10-26 09:18:00+05:30,147.9,148.75,140.0,141.8,16924
ELECTHERM,2018-10-29 09:18:00+05:30,141.8,149.4,141.8,147.05,7424
ELECTHERM,2018-10-30 09:16:00+05:30,146.0,151.75,143.1,144.95,9183
ELECTHERM,2018-10-31 09:15:00+05:30,144.0,157.35,144.0,152.75,17946
ELECTHERM,2018-11-01 09:17:00+05:30,154.75,157.0,151.6,153.35,11119
ELECTHERM,2018-11-02 09:18:00+05:30,158.0,158.0,150.0,151.1,12253
ELECTHERM,2018-11-05 09:24:00+05:30,150.4,152.45,148.1,149.65,3273
ELECTHERM,2018-11-06 09:15:00+05:30,148.2,153.7,148.0,149.6,5310
ELECTHERM,2018-11-09 09:43:00+05:30,150.2,152.1,148.3,149.35,4444
ELECTHERM,2018-11-12 09:18:00+05:30,153.5,168.0,150.0,161.6,42666
ELECTHERM,2018-11-13 09:21:00+05:30,161.6,169.45,160.0,164.1,12519
ELECTHERM,2018-11-14 09:21:00+05:30,165.1,168.5,160.1,166.6,18667
ELECTHERM,2018-11-15 09:15:00+05:30,172.0,178.9,165.0,166.85,30732
ELECTHERM,2018-11-16 09:19:00+05:30,170.35,170.35,159.85,161.6,15461
ELECTHERM,2018-11-19 09:21:00+05:30,159.0,164.3,157.3,161.6,6584
ELECTHERM,2018-11-20 09:29:00+05:30,161.65,163.7,160.7,162.25,6523
ELECTHERM,2018-11-21 09:50:00+05:30,163.0,164.2,162.3,163.05,2785
ELECTHERM,2018-11-22 09:33:00+05:30,162.1,179.3,162.05,166.45,26310
ELECTHERM,2018-11-26 09:23:00+05:30,166.45,169.9,165.15,166.1,3463
ELECTHERM,2018-11-27 09:18:00+05:30,164.0,165.95,163.9,164.45,4276
ELECTHERM,2018-11-28 09:19:00+05:30,163.0,164.7,153.9,157.95,10347
ELECTHERM,2018-11-29 09:15:00+05:30,159.6,159.6,156.0,157.3,3717
ELECTHERM,2018-11-30 09:29:00+05:30,155.6,160.5,155.6,158.25,4063
ELECTHERM,2018-12-03 00:00:00+05:30,159.0,172.0,158.1,160.15,24024
ELECTHERM,2018-12-04 00:00:00+05:30,160.2,162.0,158.0,159.8,2512
ELECTHERM,2018-12-05 00:00:00+05:30,156.4,160.7,154.0,156.3,4252
ELECTHERM,2018-12-06 00:00:00+05:30,151.4,156.55,151.4,155.25,2149
ELECTHERM,2018-12-07 00:00:00+05:30,155.0,159.4,150.1,151.95,4782
ELECTHERM,2018-12-10 00:00:00+05:30,150.0,156.75,147.0,152.5,4396
ELECTHERM,2018-12-11 00:00:00+05:30,158.9,158.9,151.1,154.8,2167
ELECTHERM,2018-12-12 00:00:00+05:30,152.2,159.95,152.2,156.8,27724
ELECTHERM,2018-12-13 00:00:00+05:30,154.25,162.0,154.0,155.45,15198
ELECTHERM,2018-12-14 00:00:00+05:30,153.05,157.95,150.35,153.75,3691
ELECTHERM,2018-12-17 00:00:00+05:30,153.75,159.7,153.7,155.55,3763
ELECTHERM,2018-12-18 00:00:00+05:30,155.55,157.65,154.0,154.85,1223
ELECTHERM,2018-12-19 00:00:00+05:30,153.5,163.0,153.5,158.15,10309
ELECTHERM,2018-12-20 00:00:00+05:30,157.0,159.4,155.3,157.9,1870
ELECTHERM,2018-12-21 00:00:00+05:30,156.35,157.2,153.8,155.2,5495
ELECTHERM,2018-12-24 00:00:00+05:30,160.0,160.0,152.4,152.75,15421
ELECTHERM,2018-12-26 00:00:00+05:30,151.0,155.4,151.0,154.95,12886
ELECTHERM,2018-12-27 00:00:00+05:30,157.0,158.55,150.15,151.55,5988
ELECTHERM,2018-12-28 00:00:00+05:30,154.7,154.75,152.1,152.35,2362
ELECTHERM,2018-12-31 00:00:00+05:30,153.45,153.45,149.25,151.0,9155
ELECTHERM,2019-01-01 00:00:00+05:30,152.5,152.9,150.0,151.2,1943
ELECTHERM,2019-01-02 00:00:00+05:30,150.05,152.5,147.05,148.5,3366
ELECTHERM,2019-01-03 00:00:00+05:30,151.0,154.0,150.0,150.95,6376
ELECTHERM,2019-01-04 00:00:00+05:30,150.6,151.25,148.0,150.1,3281
ELECTHERM,2019-01-07 00:00:00+05:30,150.45,152.85,148.55,148.85,3152
ELECTHERM,2019-01-08 00:00:00+05:30,148.0,150.4,145.15,149.5,1165
ELECTHERM,2019-01-09 00:00:00+05:30,149.6,151.25,148.15,150.4,1826
ELECTHERM,2019-01-10 00:00:00+05:30,148.0,150.75,147.35,148.3,1669
ELECTHERM,2019-01-11 00:00:00+05:30,152.8,152.85,146.1,147.2,3232
ELECTHERM,2019-01-14 00:00:00+05:30,146.8,155.95,144.0,148.35,12606
ELECTHERM,2019-01-15 00:00:00+05:30,147.6,150.0,147.6,148.55,2455
ELECTHERM,2019-01-16 00:00:00+05:30,148.2,153.0,147.0,150.05,38487
ELECTHERM,2019-01-17 00:00:00+05:30,152.55,163.05,150.05,153.15,39231
ELECTHERM,2019-01-18 00:00:00+05:30,151.5,152.65,147.1,147.75,9973
ELECTHERM,2019-01-21 00:00:00+05:30,149.0,151.5,147.75,149.2,44683
ELECTHERM,2019-01-22 00:00:00+05:30,149.8,151.8,148.0,149.85,7270
ELECTHERM,2019-01-23 00:00:00+05:30,151.0,157.95,145.25,146.25,3899
ELECTHERM,2019-01-24 00:00:00+05:30,146.0,147.95,145.0,146.1,3030
ELECTHERM,2019-01-25 00:00:00+05:30,144.05,151.0,142.05,146.4,6534
ELECTHERM,2019-01-28 00:00:00+05:30,146.0,149.0,139.85,146.4,11148
ELECTHERM,2019-01-29 00:00:00+05:30,144.6,147.0,142.0,142.75,3438
ELECTHERM,2019-01-30 00:00:00+05:30,142.55,149.85,142.55,147.2,5112
ELECTHERM,2019-01-31 00:00:00+05:30,145.05,149.45,145.05,149.1,2547
ELECTHERM,2019-02-01 00:00:00+05:30,150.0,150.45,147.05,148.5,5462
ELECTHERM,2019-02-04 00:00:00+05:30,149.0,150.0,144.0,144.55,1917
ELECTHERM,2019-02-05 00:00:00+05:30,144.6,146.4,137.1,139.3,15257
ELECTHERM,2019-02-06 00:00:00+05:30,140.0,141.85,135.1,138.35,16815
ELECTHERM,2019-02-07 00:00:00+05:30,139.0,139.0,136.3,137.9,7552
ELECTHERM,2019-02-08 00:00:00+05:30,138.35,138.5,135.05,136.7,4539
ELECTHERM,2019-02-11 00:00:00+05:30,135.5,137.8,129.0,135.25,10227
ELECTHERM,2019-02-12 00:00:00+05:30,134.6,138.4,132.0,135.75,8377
ELECTHERM,2019-02-13 00:00:00+05:30,136.5,138.0,130.95,133.9,5655
ELECTHERM,2019-02-14 00:00:00+05:30,144.5,160.65,137.5,160.65,119974
ELECTHERM,2019-02-15 00:00:00+05:30,166.0,184.0,153.55,171.25,254660
ELECTHERM,2019-02-18 00:00:00+05:30,170.0,170.95,162.4,166.2,42923
ELECTHERM,2019-02-19 00:00:00+05:30,162.55,165.05,154.55,156.3,28963
ELECTHERM,2019-02-20 00:00:00+05:30,158.05,161.15,154.55,159.05,11569
ELECTHERM,2019-02-21 00:00:00+05:30,157.25,179.0,155.05,171.35,30176
ELECTHERM,2019-02-22 00:00:00+05:30,170.0,177.85,162.05,165.45,28977
ELECTHERM,2019-02-25 00:00:00+05:30,165.85,172.0,165.0,167.7,13188
ELECTHERM,2019-02-26 00:00:00+05:30,164.3,166.0,157.95,163.55,8241
ELECTHERM,2019-02-27 00:00:00+05:30,165.0,169.9,157.0,158.65,15657
ELECTHERM,2019-02-28 00:00:00+05:30,164.2,174.0,164.2,168.95,49276
ELECTHERM,2019-03-01 00:00:00+05:30,173.6,176.0,167.15,170.9,68905
ELECTHERM,2019-03-05 00:00:00+05:30,170.0,185.0,168.3,180.85,41126
ELECTHERM,2019-03-06 00:00:00+05:30,179.4,183.0,175.35,179.75,22634
ELECTHERM,2019-03-07 00:00:00+05:30,176.0,187.95,173.75,176.45,28781
ELECTHERM,2019-03-08 00:00:00+05:30,176.0,195.8,176.0,190.9,70313
ELECTHERM,2019-03-11 00:00:00+05:30,195.25,209.75,195.25,199.1,114463
ELECTHERM,2019-03-12 00:00:00+05:30,201.7,203.1,195.05,196.1,26329
ELECTHERM,2019-03-13 00:00:00+05:30,198.4,198.4,187.7,189.6,25629
ELECTHERM,2019-03-14 00:00:00+05:30,187.2,205.0,187.2,193.9,24136
ELECTHERM,2019-03-15 00:00:00+05:30,197.95,203.0,192.25,194.95,37042
ELECTHERM,2019-03-18 00:00:00+05:30,194.05,198.7,192.2,197.15,13508
ELECTHERM,2019-03-19 00:00:00+05:30,197.95,203.8,192.15,199.4,37849
ELECTHERM,2019-03-20 00:00:00+05:30,199.2,200.05,190.0,190.85,19829
ELECTHERM,2019-03-22 00:00:00+05:30,194.0,194.95,180.85,182.0,39947
ELECTHERM,2019-03-25 00:00:00+05:30,180.0,184.65,176.0,180.0,30413
ELECTHERM,2019-03-26 00:00:00+05:30,179.0,182.95,179.0,180.0,11345
ELECTHERM,2019-03-27 00:00:00+05:30,180.55,182.6,176.0,176.85,8541
ELECTHERM,2019-03-28 00:00:00+05:30,177.35,188.7,177.35,183.45,51937
ELECTHERM,2019-03-29 00:00:00+05:30,184.1,185.7,179.0,180.75,6109
ELECTHERM,2019-04-01 00:00:00+05:30,183.8,191.7,182.5,187.85,26859
ELECTHERM,2019-04-02 00:00:00+05:30,187.85,187.85,183.0,183.8,1686
ELECTHERM,2019-04-03 00:00:00+05:30,184.65,186.85,182.5,185.05,11862
ELECTHERM,2019-04-04 00:00:00+05:30,186.0,187.4,179.3,181.0,7325
ELECTHERM,2019-04-05 00:00:00+05:30,180.25,185.0,176.6,181.8,12670
ELECTHERM,2019-04-08 00:00:00+05:30,182.25,190.0,180.6,185.4,12875
ELECTHERM,2019-04-09 00:00:00+05:30,185.5,186.95,182.05,183.9,2667
ELECTHERM,2019-04-10 00:00:00+05:30,182.3,205.6,182.05,193.85,151215
ELECTHERM,2019-04-11 00:00:00+05:30,193.3,203.7,191.35,200.25,69217
ELECTHERM,2019-04-12 00:00:00+05:30,200.0,209.5,198.1,207.2,61658
ELECTHERM,2019-04-15 00:00:00+05:30,209.45,214.0,202.3,212.0,30816
ELECTHERM,2019-04-16 00:00:00+05:30,214.6,254.4,211.3,254.4,219718
ELECTHERM,2019-04-18 00:00:00+05:30,270.4,305.25,266.0,300.2,895571
ELECTHERM,2019-04-22 00:00:00+05:30,293.9,293.9,270.4,276.25,220528
ELECTHERM,2019-04-23 00:00:00+05:30,276.25,294.75,272.0,278.25,125022
ELECTHERM,2019-04-24 00:00:00+05:30,280.0,284.0,266.5,268.05,36228
ELECTHERM,2019-04-25 00:00:00+05:30,271.75,271.75,245.0,246.25,42562
ELECTHERM,2019-04-26 00:00:00+05:30,249.0,270.85,246.3,270.85,26129
ELECTHERM,2019-04-30 00:00:00+05:30,280.0,289.8,246.0,250.8,93048
ELECTHERM,2019-05-02 00:00:00+05:30,255.0,275.85,252.0,275.85,52502
ELECTHERM,2019-05-03 00:00:00+05:30,279.4,290.0,262.45,271.65,113676
ELECTHERM,2019-05-06 00:00:00+05:30,265.15,284.0,265.15,273.75,37554
ELECTHERM,2019-05-07 00:00:00+05:30,275.0,278.9,267.0,270.85,14888
ELECTHERM,2019-05-08 00:00:00+05:30,270.0,273.9,254.5,258.35,15476
ELECTHERM,2019-05-09 00:00:00+05:30,257.0,264.8,255.0,255.75,9225
ELECTHERM,2019-05-10 00:00:00+05:30,264.0,264.7,245.25,247.4,33572
ELECTHERM,2019-05-13 00:00:00+05:30,251.0,251.0,226.55,231.1,11886
ELECTHERM,2019-05-14 00:00:00+05:30,232.0,254.2,217.05,254.2,41865
ELECTHERM,2019-05-15 00:00:00+05:30,266.0,279.0,256.0,262.4,98613
ELECTHERM,2019-05-16 00:00:00+05:30,265.9,273.0,256.2,262.8,32261
ELECTHERM,2019-05-17 00:00:00+05:30,262.0,278.9,255.0,273.6,56671
ELECTHERM,2019-05-20 00:00:00+05:30,279.0,300.0,277.15,293.55,70231
ELECTHERM,2019-05-21 00:00:00+05:30,293.55,299.9,281.1,286.3,46066
ELECTHERM,2019-05-22 00:00:00+05:30,287.0,303.0,284.5,296.5,45959
ELECTHERM,2019-05-23 00:00:00+05:30,299.0,304.0,290.0,290.85,57718
ELECTHERM,2019-05-24 00:00:00+05:30,298.0,319.9,290.1,319.6,95306
ELECTHERM,2019-05-27 00:00:00+05:30,328.0,351.55,326.5,351.55,127270
ELECTHERM,2019-05-28 00:00:00+05:30,361.0,374.85,345.0,362.0,125169
ELECTHERM,2019-05-29 00:00:00+05:30,380.1,380.1,351.0,354.85,160163
ELECTHERM,2019-05-30 00:00:00+05:30,356.9,358.95,337.15,337.15,52777
ELECTHERM,2019-05-31 00:00:00+05:30,327.0,332.0,320.3,320.3,29951
ELECTHERM,2019-06-03 00:00:00+05:30,312.5,312.5,304.3,304.3,9623
ELECTHERM,2019-06-04 00:00:00+05:30,289.1,302.15,289.1,289.1,40649
ELECTHERM,2019-06-06 00:00:00+05:30,280.25,280.25,274.65,274.65,13886
ELECTHERM,2019-06-07 00:00:00+05:30,260.95,287.7,260.95,266.9,162965
ELECTHERM,2019-06-10 00:00:00+05:30,267.25,280.2,267.25,279.55,124355
ELECTHERM,2019-06-11 00:00:00+05:30,287.8,292.8,282.5,288.1,93766
ELECTHERM,2019-06-12 00:00:00+05:30,288.1,289.0,274.0,280.75,62537
ELECTHERM,2019-06-13 00:00:00+05:30,282.0,282.0,271.6,281.15,15734
ELECTHERM,2019-06-14 00:00:00+05:30,279.65,281.05,270.0,270.8,16831
ELECTHERM,2019-06-17 00:00:00+05:30,270.8,270.8,257.3,259.8,16569
ELECTHERM,2019-06-18 00:00:00+05:30,259.7,259.85,246.85,246.85,18271
ELECTHERM,2019-06-19 00:00:00+05:30,241.1,248.75,234.55,234.8,29027
ELECTHERM,2019-06-20 00:00:00+05:30,237.8,246.5,225.05,245.9,98031
ELECTHERM,2019-06-21 00:00:00+05:30,249.85,258.15,238.2,253.5,75792
ELECTHERM,2019-06-24 00:00:00+05:30,255.8,265.0,242.65,262.9,64913
ELECTHERM,2019-06-25 00:00:00+05:30,256.65,267.0,252.5,263.1,65778
ELECTHERM,2019-06-26 00:00:00+05:30,254.25,264.0,252.0,253.7,62008
ELECTHERM,2019-06-27 00:00:00+05:30,254.9,260.0,245.0,248.2,35850
ELECTHERM,2019-06-28 00:00:00+05:30,246.05,253.7,242.1,243.0,35670
ELECTHERM,2019-07-01 00:00:00+05:30,242.5,249.7,238.1,240.8,10020
ELECTHERM,2019-07-02 00:00:00+05:30,242.0,242.0,234.0,239.65,6712
ELECTHERM,2019-07-03 00:00:00+05:30,237.0,251.5,237.0,249.1,17681
ELECTHERM,2019-07-04 00:00:00+05:30,245.4,251.5,237.0,239.65,13144
ELECTHERM,2019-07-05 00:00:00+05:30,240.7,250.0,239.0,241.8,11523
ELECTHERM,2019-07-08 00:00:00+05:30,244.85,244.85,229.75,229.75,13234
ELECTHERM,2019-07-09 00:00:00+05:30,218.3,232.0,218.3,218.3,18024
ELECTHERM,2019-07-10 00:00:00+05:30,225.5,225.5,207.4,207.65,19864
ELECTHERM,2019-07-11 00:00:00+05:30,207.65,217.2,205.35,209.25,14736
ELECTHERM,2019-07-12 00:00:00+05:30,210.05,216.9,207.65,209.8,21483
ELECTHERM,2019-07-15 00:00:00+05:30,208.65,208.65,199.95,201.05,8285
ELECTHERM,2019-07-16 00:00:00+05:30,196.1,199.0,192.4,194.0,10091
ELECTHERM,2019-07-17 00:00:00+05:30,194.8,203.7,192.0,196.1,10171
ELECTHERM,2019-07-18 00:00:00+05:30,196.1,197.35,188.15,190.1,7774
ELECTHERM,2019-07-19 00:00:00+05:30,192.0,194.0,180.6,180.95,8141
ELECTHERM,2019-07-22 00:00:00+05:30,187.0,189.95,181.0,189.7,20340
ELECTHERM,2019-07-23 00:00:00+05:30,195.0,199.15,189.0,199.15,37175
ELECTHERM,2019-07-24 00:00:00+05:30,206.0,206.0,190.2,192.85,16518
ELECTHERM,2019-07-25 00:00:00+05:30,196.0,199.0,190.1,191.65,6258
ELECTHERM,2019-07-26 00:00:00+05:30,190.05,193.0,184.05,187.55,12261
ELECTHERM,2019-07-29 00:00:00+05:30,190.2,196.9,190.2,196.9,24214
ELECTHERM,2019-07-30 00:00:00+05:30,199.4,199.4,187.1,188.55,13641
ELECTHERM,2019-07-31 00:00:00+05:30,188.6,188.6,181.0,183.75,6563
ELECTHERM,2019-08-01 00:00:00+05:30,181.0,192.9,176.05,186.3,9658
ELECTHERM,2019-08-02 00:00:00+05:30,185.95,185.95,177.0,177.6,18188
ELECTHERM,2019-08-05 00:00:00+05:30,172.0,172.0,168.75,168.75,5207
ELECTHERM,2019-08-06 00:00:00+05:30,165.85,169.9,160.4,166.55,48745
ELECTHERM,2019-08-07 00:00:00+05:30,162.05,183.2,161.8,164.4,46721
ELECTHERM,2019-08-08 00:00:00+05:30,165.1,169.5,161.1,163.5,19479
ELECTHERM,2019-08-09 00:00:00+05:30,165.0,171.0,163.0,164.8,13996
ELECTHERM,2019-08-13 00:00:00+05:30,168.9,168.9,150.55,153.95,11224
ELECTHERM,2019-08-14 00:00:00+05:30,155.05,159.95,152.0,154.7,8133
ELECTHERM,2019-08-16 00:00:00+05:30,149.3,164.95,143.15,159.3,23409
ELECTHERM,2019-08-19 00:00:00+05:30,158.05,158.05,148.0,151.1,18156
ELECTHERM,2019-08-20 00:00:00+05:30,148.0,150.7,143.4,146.3,18388
ELECTHERM,2019-08-21 00:00:00+05:30,145.0,145.0,132.0,133.55,30524
ELECTHERM,2019-08-22 00:00:00+05:30,129.9,134.25,120.2,120.2,27473
ELECTHERM,2019-08-23 00:00:00+05:30,114.2,126.2,114.2,126.2,36784
ELECTHERM,2019-08-26 00:00:00+05:30,129.95,132.5,128.5,132.5,29991
ELECTHERM,2019-08-27 00:00:00+05:30,137.6,139.1,131.6,139.1,14995
ELECTHERM,2019-08-28 00:00:00+05:30,145.85,146.05,142.65,146.05,15054
ELECTHERM,2019-08-29 00:00:00+05:30,151.3,153.35,146.1,152.75,45228
ELECTHERM,2019-08-30 00:00:00+05:30,156.45,159.6,150.0,156.85,37603
ELECTHERM,2019-09-03 00:00:00+05:30,164.65,164.65,149.05,149.95,25373
ELECTHERM,2019-09-04 00:00:00+05:30,149.5,152.85,142.5,142.6,9054
ELECTHERM,2019-09-05 00:00:00+05:30,147.95,147.95,142.1,143.2,5246
ELECTHERM,2019-09-06 00:00:00+05:30,147.75,147.75,140.4,141.2,5418
ELECTHERM,2019-09-09 00:00:00+05:30,140.0,146.0,135.55,144.45,4174
ELECTHERM,2019-09-11 00:00:00+05:30,143.0,148.9,138.65,147.1,12582
ELECTHERM,2019-09-12 00:00:00+05:30,148.95,154.45,144.1,148.25,14583
ELECTHERM,2019-09-13 00:00:00+05:30,147.0,153.9,146.0,147.95,13971
ELECTHERM,2019-09-16 00:00:00+05:30,149.95,152.0,145.3,146.85,5859
ELECTHERM,2019-09-17 00:00:00+05:30,149.95,151.9,144.05,145.3,44687
ELECTHERM,2019-09-18 00:00:00+05:30,149.85,152.25,144.9,149.0,10545
ELECTHERM,2019-09-19 00:00:00+05:30,152.0,156.0,151.05,152.4,15184
ELECTHERM,2019-09-20 00:00:00+05:30,151.1,154.45,149.0,151.75,7752
ELECTHERM,2019-09-23 00:00:00+05:30,158.5,158.5,148.1,155.3,9392
ELECTHERM,2019-09-24 00:00:00+05:30,157.0,162.0,152.05,157.95,10222
ELECTHERM,2019-09-25 00:00:00+05:30,154.7,157.0,150.1,150.1,7692
ELECTHERM,2019-09-26 00:00:00+05:30,142.9,147.5,142.6,143.0,44321
ELECTHERM,2019-09-27 00:00:00+05:30,141.9,141.9,136.0,136.45,48038
ELECTHERM,2019-09-30 00:00:00+05:30,135.9,136.35,129.65,129.65,7264
ELECTHERM,2019-10-01 00:00:00+05:30,125.15,129.85,125.15,127.7,5669
ELECTHERM,2019-10-03 00:00:00+05:30,128.0,132.5,121.65,126.1,6345
ELECTHERM,2019-10-04 00:00:00+05:30,131.5,132.4,125.0,126.85,34846
ELECTHERM,2019-10-07 00:00:00+05:30,133.15,133.15,123.35,128.5,44649
ELECTHERM,2019-10-09 00:00:00+05:30,127.0,131.95,126.05,129.3,48436
ELECTHERM,2019-10-10 00:00:00+05:30,127.05,133.4,125.1,127.6,65245
ELECTHERM,2019-10-11 00:00:00+05:30,126.0,130.95,126.0,130.0,62932
ELECTHERM,2019-10-14 00:00:00+05:30,130.7,134.55,128.05,132.7,12966
ELECTHERM,2019-10-15 00:00:00+05:30,134.3,135.15,128.1,129.95,37635
ELECTHERM,2019-10-16 00:00:00+05:30,126.05,132.95,126.05,129.5,3652
ELECTHERM,2019-10-17 00:00:00+05:30,129.1,131.0,123.55,127.0,29587
ELECTHERM,2019-10-18 00:00:00+05:30,130.0,130.0,125.05,127.9,30402
ELECTHERM,2019-10-22 00:00:00+05:30,125.25,134.25,125.25,128.85,32060
ELECTHERM,2019-10-23 00:00:00+05:30,130.95,135.0,125.85,133.85,14646
ELECTHERM,2019-10-24 00:00:00+05:30,139.5,139.5,131.5,132.95,22730
ELECTHERM,2019-10-25 00:00:00+05:30,133.2,139.55,130.6,137.15,57814
ELECTHERM,2019-10-27 00:00:00+05:30,135.85,144.0,133.05,139.85,5250
ELECTHERM,2019-10-29 00:00:00+05:30,136.15,140.35,134.35,137.1,34187
ELECTHERM,2019-10-30 00:00:00+05:30,137.1,141.9,137.05,139.45,3601
ELECTHERM,2019-10-31 00:00:00+05:30,136.65,142.95,136.65,139.0,19989
ELECTHERM,2019-11-01 00:00:00+05:30,137.0,142.0,136.0,140.45,31516
ELECTHERM,2019-11-04 00:00:00+05:30,138.1,146.45,138.1,142.35,5020
ELECTHERM,2019-11-05 00:00:00+05:30,143.65,149.45,140.95,145.45,72494
ELECTHERM,2019-11-06 00:00:00+05:30,145.0,148.35,140.65,143.75,4199
ELECTHERM,2019-11-07 00:00:00+05:30,144.9,145.35,139.05,140.1,17528
ELECTHERM,2019-11-08 00:00:00+05:30,141.45,142.9,136.35,140.3,18245
ELECTHERM,2019-11-11 00:00:00+05:30,136.05,142.55,134.25,140.65,2581
ELECTHERM,2019-11-13 00:00:00+05:30,142.35,144.0,139.55,142.35,41651
ELECTHERM,2019-11-14 00:00:00+05:30,149.45,149.45,136.2,138.15,9773
ELECTHERM,2019-11-15 00:00:00+05:30,142.85,145.0,140.1,141.1,4823
ELECTHERM,2019-11-18 00:00:00+05:30,137.1,143.55,137.05,139.55,3683
ELECTHERM,2019-11-19 00:00:00+05:30,138.1,142.35,138.1,138.15,3287
ELECTHERM,2019-11-20 00:00:00+05:30,136.5,138.25,132.0,132.6,39627
ELECTHERM,2019-11-21 00:00:00+05:30,127.5,132.0,127.05,129.75,4507
ELECTHERM,2019-11-22 00:00:00+05:30,134.5,134.5,130.75,131.2,1448
ELECTHERM,2019-11-25 00:00:00+05:30,130.3,134.55,129.6,129.85,4235
ELECTHERM,2019-11-26 00:00:00+05:30,130.0,132.7,129.4,129.85,35550
ELECTHERM,2019-11-27 00:00:00+05:30,129.85,132.55,129.85,131.4,2418
ELECTHERM,2019-11-28 00:00:00+05:30,131.0,137.95,126.0,134.6,71203
ELECTHERM,2019-11-29 00:00:00+05:30,137.0,137.95,127.9,129.3,8134
ELECTHERM,2019-12-02 00:00:00+05:30,128.5,132.2,127.0,129.0,4808
ELECTHERM,2019-12-03 00:00:00+05:30,132.5,132.5,128.1,129.7,2849
ELECTHERM,2019-12-04 00:00:00+05:30,129.0,129.7,126.3,128.05,2947
ELECTHERM,2019-12-05 00:00:00+05:30,126.85,132.0,126.85,130.05,40274
ELECTHERM,2019-12-06 00:00:00+05:30,131.8,132.0,124.0,126.55,52203
ELECTHERM,2019-12-09 00:00:00+05:30,126.0,127.9,123.5,124.45,3207
ELECTHERM,2019-12-10 00:00:00+05:30,126.9,129.0,121.6,122.7,7095
ELECTHERM,2019-12-11 00:00:00+05:30,122.35,123.9,115.1,120.25,7120
ELECTHERM,2019-12-12 00:00:00+05:30,118.2,124.9,110.0,122.45,4119
ELECTHERM,2019-12-13 00:00:00+05:30,120.1,130.0,114.2,128.8,7419
ELECTHERM,2019-12-16 00:00:00+05:30,126.1,130.0,124.1,126.3,4923
ELECTHERM,2019-12-17 00:00:00+05:30,124.55,132.75,124.5,131.7,14594
ELECTHERM,2019-12-18 00:00:00+05:30,129.95,130.2,126.65,127.85,4376
ELECTHERM,2019-12-19 00:00:00+05:30,130.0,131.5,118.0,124.0,9004
ELECTHERM,2019-12-20 00:00:00+05:30,120.15,128.0,120.15,125.45,16754
ELECTHERM,2019-12-23 00:00:00+05:30,124.0,126.0,113.2,122.6,12129
ELECTHERM,2019-12-24 00:00:00+05:30,124.8,124.85,118.0,121.2,44372
ELECTHERM,2019-12-26 00:00:00+05:30,125.0,125.95,119.95,123.95,3767
ELECTHERM,2019-12-27 00:00:00+05:30,118.5,125.0,118.5,120.0,6573
ELECTHERM,2019-12-30 00:00:00+05:30,120.35,124.1,117.0,119.95,4532
ELECTHERM,2019-12-31 00:00:00+05:30,124.5,124.5,117.2,120.45,6324
ELECTHERM,2020-01-01 00:00:00+05:30,120.2,125.0,120.2,122.95,1954
ELECTHERM,2020-01-02 00:00:00+05:30,123.0,128.85,122.4,124.45,47318
ELECTHERM,2020-01-03 00:00:00+05:30,123.7,133.9,123.65,126.5,23386
ELECTHERM,2020-01-06 00:00:00+05:30,129.6,129.6,120.15,122.7,6039
ELECTHERM,2020-01-07 00:00:00+05:30,122.7,127.0,116.1,123.85,4452
ELECTHERM,2020-01-08 00:00:00+05:30,123.85,125.9,121.3,122.25,1661
ELECTHERM,2020-01-09 00:00:00+05:30,125.0,134.45,123.25,134.45,28118
ELECTHERM,2020-01-10 00:00:00+05:30,143.4,147.85,136.35,141.05,67136
ELECTHERM,2020-01-13 00:00:00+05:30,144.8,144.8,136.65,140.45,30479
ELECTHERM,2020-01-14 00:00:00+05:30,148.0,148.0,135.25,136.35,9851
ELECTHERM,2020-01-15 00:00:00+05:30,136.35,141.65,131.25,138.0,15456
ELECTHERM,2020-01-16 00:00:00+05:30,145.95,145.95,133.4,134.4,12204
ELECTHERM,2020-01-17 00:00:00+05:30,133.6,142.0,132.4,134.6,12470
ELECTHERM,2020-01-20 00:00:00+05:30,135.0,142.8,135.0,137.25,19531
ELECTHERM,2020-01-21 00:00:00+05:30,136.1,140.55,135.5,137.45,27842
ELECTHERM,2020-01-22 00:00:00+05:30,144.0,144.0,136.5,137.4,34805
ELECTHERM,2020-01-23 00:00:00+05:30,139.25,139.25,137.05,137.85,1922
ELECTHERM,2020-01-24 00:00:00+05:30,140.05,140.9,137.0,138.65,4164
ELECTHERM,2020-01-27 00:00:00+05:30,137.9,139.75,136.0,137.3,1821
ELECTHERM,2020-01-28 00:00:00+05:30,140.0,140.0,136.85,137.3,4659
ELECTHERM,2020-01-29 00:00:00+05:30,138.95,138.95,136.95,137.05,3776
ELECTHERM,2020-01-30 00:00:00+05:30,136.0,140.0,134.0,138.5,18954
ELECTHERM,2020-01-31 00:00:00+05:30,137.05,143.5,130.2,135.6,3659
ELECTHERM,2020-02-01 00:00:00+05:30,135.7,139.95,135.0,137.1,29724
ELECTHERM,2020-02-03 00:00:00+05:30,137.0,140.0,135.2,137.15,4626
ELECTHERM,2020-02-04 00:00:00+05:30,137.05,139.15,136.15,137.05,3215
ELECTHERM,2020-02-05 00:00:00+05:30,139.75,139.95,137.0,138.0,4706
ELECTHERM,2020-02-06 00:00:00+05:30,139.05,165.6,139.05,157.55,151678
ELECTHERM,2020-02-07 00:00:00+05:30,159.0,169.8,158.4,162.35,73806
ELECTHERM,2020-02-10 00:00:00+05:30,163.4,163.4,151.0,154.95,16363
ELECTHERM,2020-02-11 00:00:00+05:30,154.8,165.0,150.3,152.4,18225
ELECTHERM,2020-02-12 00:00:00+05:30,142.0,155.1,140.1,142.3,21827
ELECTHERM,2020-02-13 00:00:00+05:30,146.95,146.95,138.0,142.0,10965
ELECTHERM,2020-02-14 00:00:00+05:30,145.9,146.0,137.0,137.8,33896
ELECTHERM,2020-02-17 00:00:00+05:30,138.7,138.95,135.85,136.35,7780
ELECTHERM,2020-02-18 00:00:00+05:30,138.5,145.0,135.3,138.3,43146
ELECTHERM,2020-02-19 00:00:00+05:30,139.15,141.0,136.0,140.0,5605
ELECTHERM,2020-02-20 00:00:00+05:30,140.9,141.0,136.4,138.55,6193
ELECTHERM,2020-02-24 00:00:00+05:30,137.7,137.7,125.1,133.1,8164
ELECTHERM,2020-02-25 00:00:00+05:30,134.9,139.95,133.0,133.15,2868
ELECTHERM,2020-02-26 00:00:00+05:30,133.15,139.0,130.35,136.9,29886
ELECTHERM,2020-02-27 00:00:00+05:30,133.85,134.95,128.45,132.05,2398
ELECTHERM,2020-02-28 00:00:00+05:30,130.25,134.0,125.0,127.9,20915
ELECTHERM,2020-03-02 00:00:00+05:30,128.7,133.5,128.0,128.35,5478
ELECTHERM,2020-03-03 00:00:00+05:30,129.0,139.95,121.0,123.2,8900
ELECTHERM,2020-03-04 00:00:00+05:30,123.85,125.0,122.2,124.55,8960
ELECTHERM,2020-03-05 00:00:00+05:30,123.05,127.0,123.05,123.3,1161
ELECTHERM,2020-03-06 00:00:00+05:30,113.0,124.0,113.0,122.65,30260
ELECTHERM,2020-03-09 00:00:00+05:30,120.15,123.3,110.45,113.05,12827
ELECTHERM,2020-03-11 00:00:00+05:30,104.35,116.75,104.35,108.25,7195
ELECTHERM,2020-03-12 00:00:00+05:30,105.0,105.75,90.1,98.95,15978
ELECTHERM,2020-03-13 00:00:00+05:30,90.0,110.0,80.3,106.6,12736
ELECTHERM,2020-03-16 00:00:00+05:30,118.0,118.0,99.0,100.15,5277
ELECTHERM,2020-03-17 00:00:00+05:30,101.95,105.05,93.0,95.85,4307
ELECTHERM,2020-03-18 00:00:00+05:30,99.5,99.5,77.0,91.2,91579
ELECTHERM,2020-03-19 00:00:00+05:30,80.2,97.0,80.2,93.3,10116
ELECTHERM,2020-03-20 00:00:00+05:30,92.95,106.95,91.9,93.85,4923
ELECTHERM,2020-03-23 00:00:00+05:30,81.1,112.0,77.1,80.2,7005
ELECTHERM,2020-03-24 00:00:00+05:30,82.05,85.75,79.3,83.6,2369
ELECTHERM,2020-03-25 00:00:00+05:30,83.25,90.0,83.25,87.0,1694
ELECTHERM,2020-03-26 00:00:00+05:30,87.0,94.8,83.15,87.55,3227
ELECTHERM,2020-03-27 00:00:00+05:30,93.95,103.0,84.35,86.0,47788
ELECTHERM,2020-03-30 00:00:00+05:30,83.0,89.8,83.0,83.9,4366
ELECTHERM,2020-03-31 00:00:00+05:30,93.85,94.0,84.1,86.75,6383
ELECTHERM,2020-04-01 00:00:00+05:30,93.0,93.0,84.4,85.0,2301
ELECTHERM,2020-04-03 00:00:00+05:30,92.0,92.0,80.45,86.3,1502
ELECTHERM,2020-04-07 00:00:00+05:30,92.95,92.95,81.5,84.5,25325
ELECTHERM,2020-04-08 00:00:00+05:30,84.5,87.6,82.55,84.0,23197
ELECTHERM,2020-04-09 00:00:00+05:30,85.85,90.85,84.3,87.75,6948
ELECTHERM,2020-04-13 00:00:00+05:30,87.05,87.05,83.5,85.15,3837
ELECTHERM,2020-04-15 00:00:00+05:30,86.9,102.15,85.75,91.3,79758
ELECTHERM,2020-04-16 00:00:00+05:30,95.0,98.0,92.05,93.6,16967
ELECTHERM,2020-04-17 00:00:00+05:30,97.95,97.95,94.0,95.5,11321
ELECTHERM,2020-04-20 00:00:00+05:30,95.0,98.95,89.4,92.8,14035
ELECTHERM,2020-04-21 00:00:00+05:30,94.95,94.95,87.0,88.0,42090
ELECTHERM,2020-04-22 00:00:00+05:30,88.25,92.0,85.1,86.1,55776
ELECTHERM,2020-04-23 00:00:00+05:30,90.9,93.0,87.45,89.3,10749
ELECTHERM,2020-04-24 00:00:00+05:30,91.0,91.0,84.05,85.4,3973
ELECTHERM,2020-04-27 00:00:00+05:30,89.0,89.9,84.0,87.0,27018
ELECTHERM,2020-04-28 00:00:00+05:30,88.7,89.75,86.8,88.45,1917
ELECTHERM,2020-04-29 00:00:00+05:30,89.6,97.0,87.1,93.15,44699
ELECTHERM,2020-04-30 00:00:00+05:30,93.2,96.55,90.0,90.6,73902
ELECTHERM,2020-05-04 00:00:00+05:30,90.0,90.0,85.0,87.7,5069
ELECTHERM,2020-05-05 00:00:00+05:30,89.75,89.75,85.75,86.9,2633
ELECTHERM,2020-05-06 00:00:00+05:30,86.0,92.6,85.8,87.45,58427
ELECTHERM,2020-05-07 00:00:00+05:30,87.4,95.0,86.35,86.65,25628
ELECTHERM,2020-05-08 00:00:00+05:30,88.25,89.25,86.0,86.85,4941
ELECTHERM,2020-05-11 00:00:00+05:30,87.05,89.2,75.95,86.4,85151
ELECTHERM,2020-05-12 00:00:00+05:30,87.7,87.7,83.05,86.0,59075
ELECTHERM,2020-05-13 00:00:00+05:30,90.3,98.0,87.35,91.55,9580
ELECTHERM,2020-05-14 00:00:00+05:30,92.65,92.65,86.0,87.05,3095
ELECTHERM,2020-05-15 00:00:00+05:30,87.6,88.05,85.1,86.7,952
ELECTHERM,2020-05-18 00:00:00+05:30,86.7,86.7,84.5,85.35,3214
ELECTHERM,2020-05-19 00:00:00+05:30,87.15,89.8,85.5,86.0,4331
ELECTHERM,2020-05-20 00:00:00+05:30,88.5,88.5,80.0,84.7,59515
ELECTHERM,2020-05-21 00:00:00+05:30,84.75,87.0,83.9,84.15,22487
ELECTHERM,2020-05-22 00:00:00+05:30,86.05,87.2,83.2,83.9,2447
ELECTHERM,2020-05-26 00:00:00+05:30,83.95,84.9,80.4,82.15,3357
ELECTHERM,2020-05-27 00:00:00+05:30,83.1,84.8,80.0,83.25,7848
ELECTHERM,2020-05-28 00:00:00+05:30,84.45,85.95,82.15,84.2,11594
ELECTHERM,2020-05-29 00:00:00+05:30,83.35,85.0,82.3,84.7,1460
ELECTHERM,2020-06-01 00:00:00+05:30,86.7,92.75,86.7,89.9,70451
ELECTHERM,2020-06-02 00:00:00+05:30,93.05,107.85,89.1,107.85,72876
ELECTHERM,2020-06-03 00:00:00+05:30,124.0,129.4,119.0,129.4,109667
ELECTHERM,2020-06-04 00:00:00+05:30,135.0,142.0,118.2,132.85,169055
ELECTHERM,2020-06-05 00:00:00+05:30,134.0,134.0,122.1,127.6,32415
ELECTHERM,2020-06-08 00:00:00+05:30,127.1,131.0,122.1,124.5,12740
ELECTHERM,2020-06-09 00:00:00+05:30,124.5,126.0,120.8,122.0,30556
ELECTHERM,2020-06-10 00:00:00+05:30,124.7,124.7,115.15,116.85,12524
ELECTHERM,2020-06-11 00:00:00+05:30,116.85,118.05,114.0,115.95,5924
ELECTHERM,2020-06-12 00:00:00+05:30,107.5,117.8,107.5,115.4,7508
ELECTHERM,2020-06-15 00:00:00+05:30,118.15,118.8,113.0,116.55,6440
ELECTHERM,2020-06-16 00:00:00+05:30,115.25,120.0,107.4,111.5,9493
ELECTHERM,2020-06-17 00:00:00+05:30,111.55,114.6,109.25,111.8,2220
ELECTHERM,2020-06-18 00:00:00+05:30,111.95,115.65,111.95,114.2,8261
ELECTHERM,2020-06-19 00:00:00+05:30,112.8,122.5,112.0,117.6,23851
ELECTHERM,2020-06-22 00:00:00+05:30,118.3,124.65,118.3,121.15,35077
ELECTHERM,2020-06-23 00:00:00+05:30,121.55,132.0,121.5,123.95,9018
ELECTHERM,2020-06-24 00:00:00+05:30,126.95,130.5,120.1,123.65,19927
ELECTHERM,2020-06-25 00:00:00+05:30,125.0,125.0,114.5,119.95,9377
ELECTHERM,2020-06-26 00:00:00+05:30,120.95,123.1,115.1,118.5,7813
ELECTHERM,2020-06-29 00:00:00+05:30,119.3,121.0,115.6,116.35,6966
ELECTHERM,2020-06-30 00:00:00+05:30,118.05,119.95,113.0,114.6,9803
ELECTHERM,2020-07-01 00:00:00+05:30,110.35,122.0,108.55,113.35,34557
ELECTHERM,2020-07-02 00:00:00+05:30,111.05,116.95,106.35,107.6,96566
ELECTHERM,2020-07-03 00:00:00+05:30,110.0,112.0,107.6,108.75,14888
ELECTHERM,2020-07-06 00:00:00+05:30,111.95,111.95,106.0,107.95,9257
ELECTHERM,2020-07-07 00:00:00+05:30,107.95,110.0,105.3,108.95,33280
ELECTHERM,2020-07-08 00:00:00+05:30,108.95,110.6,107.85,108.0,9353
ELECTHERM,2020-07-09 00:00:00+05:30,108.0,109.65,106.0,106.8,11366
ELECTHERM,2020-07-10 00:00:00+05:30,106.6,107.85,104.1,105.0,59377
ELECTHERM,2020-07-13 00:00:00+05:30,107.95,108.1,102.5,102.8,7951
ELECTHERM,2020-07-14 00:00:00+05:30,102.2,102.2,96.0,99.75,8703
ELECTHERM,2020-07-15 00:00:00+05:30,99.8,103.0,98.95,100.3,4641
ELECTHERM,2020-07-16 00:00:00+05:30,101.45,101.5,98.0,100.25,2953
ELECTHERM,2020-07-17 00:00:00+05:30,99.95,102.8,98.15,101.25,10812
ELECTHERM,2020-07-20 00:00:00+05:30,100.6,104.9,98.5,100.1,24330
ELECTHERM,2020-07-21 00:00:00+05:30,99.5,103.55,99.45,100.95,8386
ELECTHERM,2020-07-22 00:00:00+05:30,100.25,102.6,99.25,100.6,12472
ELECTHERM,2020-07-23 00:00:00+05:30,100.6,101.7,99.0,99.8,2555
ELECTHERM,2020-07-24 00:00:00+05:30,99.55,104.05,99.1,100.25,12106
ELECTHERM,2020-07-27 00:00:00+05:30,100.2,100.3,95.4,97.85,7677
ELECTHERM,2020-07-28 00:00:00+05:30,98.05,99.3,97.25,97.85,4108
ELECTHERM,2020-07-29 00:00:00+05:30,98.0,99.9,97.15,98.75,6022
ELECTHERM,2020-07-30 00:00:00+05:30,98.2,99.6,98.0,98.25,7222
ELECTHERM,2020-07-31 00:00:00+05:30,98.6,99.85,96.65,97.9,7066
ELECTHERM,2020-08-03 00:00:00+05:30,97.95,99.8,95.45,96.4,8179
ELECTHERM,2020-08-04 00:00:00+05:30,97.3,98.3,97.0,98.2,2973
ELECTHERM,2020-08-05 00:00:00+05:30,97.8,100.95,97.1,98.25,7186
ELECTHERM,2020-08-06 00:00:00+05:30,98.7,100.2,98.35,99.4,6626
ELECTHERM,2020-08-07 00:00:00+05:30,101.0,119.25,101.0,119.25,77297
ELECTHERM,2020-08-10 00:00:00+05:30,131.85,133.5,117.15,119.7,110486
ELECTHERM,2020-08-11 00:00:00+05:30,115.5,119.7,112.0,115.25,28099
ELECTHERM,2020-08-12 00:00:00+05:30,113.0,122.0,111.1,116.6,29100
ELECTHERM,2020-08-13 00:00:00+05:30,122.0,139.9,120.05,139.9,221898
ELECTHERM,2020-08-14 00:00:00+05:30,146.0,147.8,116.65,119.45,357872
ELECTHERM,2020-08-17 00:00:00+05:30,120.1,122.6,116.0,118.15,75787
ELECTHERM,2020-08-18 00:00:00+05:30,116.35,119.0,115.05,116.7,34169
ELECTHERM,2020-08-19 00:00:00+05:30,118.5,127.0,117.1,122.85,105514
ELECTHERM,2020-08-20 00:00:00+05:30,123.0,123.0,118.35,120.7,25437
ELECTHERM,2020-08-21 00:00:00+05:30,121.1,124.45,118.25,119.5,53804
ELECTHERM,2020-08-24 00:00:00+05:30,120.05,123.0,117.0,117.3,31213
ELECTHERM,2020-08-25 00:00:00+05:30,119.5,119.5,115.1,115.8,39439
ELECTHERM,2020-08-26 00:00:00+05:30,118.8,119.0,115.65,116.65,27521
ELECTHERM,2020-08-27 00:00:00+05:30,117.3,121.3,116.5,117.0,18813
ELECTHERM,2020-08-28 00:00:00+05:30,117.65,119.85,115.0,115.6,25750
ELECTHERM,2020-08-31 00:00:00+05:30,116.2,118.4,110.4,111.45,27856
ELECTHERM,2020-09-01 00:00:00+05:30,107.0,113.5,107.0,109.75,12253
ELECTHERM,2020-09-02 00:00:00+05:30,110.75,111.4,107.3,110.65,3198
ELECTHERM,2020-09-03 00:00:00+05:30,111.1,113.95,108.6,111.6,11252
ELECTHERM,2020-09-04 00:00:00+05:30,110.25,112.0,108.15,109.1,4148
ELECTHERM,2020-09-07 00:00:00+05:30,109.25,112.8,109.1,109.75,12540
ELECTHERM,2020-09-08 00:00:00+05:30,110.15,129.45,110.15,113.65,89854
ELECTHERM,2020-09-09 00:00:00+05:30,113.65,117.0,108.7,110.35,21770
ELECTHERM,2020-09-10 00:00:00+05:30,110.55,118.0,110.55,111.55,32721
ELECTHERM,2020-09-11 00:00:00+05:30,112.35,112.75,108.85,109.7,34658
ELECTHERM,2020-09-14 00:00:00+05:30,110.45,112.8,108.55,109.3,38275
ELECTHERM,2020-09-15 00:00:00+05:30,112.35,112.45,110.0,110.2,7775
ELECTHERM,2020-09-16 00:00:00+05:30,111.55,111.55,107.0,108.65,18299
ELECTHERM,2020-09-17 00:00:00+05:30,109.65,121.0,108.0,112.6,56594
ELECTHERM,2020-09-18 00:00:00+05:30,114.5,114.5,107.3,108.6,21811
ELECTHERM,2020-09-21 00:00:00+05:30,108.0,109.2,104.1,105.25,11642
ELECTHERM,2020-09-22 00:00:00+05:30,105.25,105.25,101.9,103.2,13732
ELECTHERM,2020-09-23 00:00:00+05:30,104.0,107.9,100.1,102.55,15597
ELECTHERM,2020-09-24 00:00:00+05:30,101.25,101.8,96.7,97.3,23817
ELECTHERM,2020-09-25 00:00:00+05:30,98.2,101.8,98.1,100.4,15387
ELECTHERM,2020-09-28 00:00:00+05:30,100.4,102.45,98.6,100.8,40700
ELECTHERM,2020-09-29 00:00:00+05:30,101.35,104.95,101.1,101.65,13208
ELECTHERM,2020-09-30 00:00:00+05:30,101.8,102.75,99.4,101.1,14537
ELECTHERM,2020-10-01 00:00:00+05:30,101.75,102.75,98.95,101.55,23826
ELECTHERM,2020-10-05 00:00:00+05:30,102.25,111.7,100.0,106.6,34772
ELECTHERM,2020-10-06 00:00:00+05:30,107.3,108.85,102.8,104.25,16104
ELECTHERM,2020-10-07 00:00:00+05:30,103.8,105.9,100.0,101.65,55747
ELECTHERM,2020-10-08 00:00:00+05:30,102.55,103.7,101.0,102.2,18937
ELECTHERM,2020-10-09 00:00:00+05:30,101.25,104.95,100.3,102.2,13580
ELECTHERM,2020-10-12 00:00:00+05:30,103.7,104.85,98.95,99.7,25425
ELECTHERM,2020-10-13 00:00:00+05:30,100.05,101.95,98.6,99.4,11078
ELECTHERM,2020-10-14 00:00:00+05:30,99.55,101.95,99.55,101.1,15530
ELECTHERM,2020-10-15 00:00:00+05:30,100.35,101.85,98.0,99.95,30829
ELECTHERM,2020-10-16 00:00:00+05:30,99.55,100.15,98.45,99.15,8020
ELECTHERM,2020-10-19 00:00:00+05:30,99.65,100.9,97.25,97.7,12304
ELECTHERM,2020-10-20 00:00:00+05:30,98.65,98.65,95.65,96.75,6718
ELECTHERM,2020-10-21 00:00:00+05:30,97.9,98.7,95.9,97.2,7040
ELECTHERM,2020-10-22 00:00:00+05:30,97.75,97.95,96.55,96.9,8656
ELECTHERM,2020-10-23 00:00:00+05:30,98.75,100.5,97.1,98.8,24063
ELECTHERM,2020-10-26 00:00:00+05:30,97.15,99.7,94.5,95.15,12037
ELECTHERM,2020-10-27 00:00:00+05:30,95.95,95.95,91.3,92.2,24429
ELECTHERM,2020-10-28 00:00:00+05:30,94.85,94.85,91.0,91.95,33354
ELECTHERM,2020-10-29 00:00:00+05:30,92.95,93.05,91.1,92.9,5590
ELECTHERM,2020-10-30 00:00:00+05:30,92.2,93.75,89.55,89.9,13153
ELECTHERM,2020-11-02 00:00:00+05:30,90.0,92.0,88.0,89.85,8236
ELECTHERM,2020-11-03 00:00:00+05:30,90.95,91.8,88.25,88.75,6254
ELECTHERM,2020-11-04 00:00:00+05:30,91.65,91.65,89.0,89.4,4632
ELECTHERM,2020-11-05 00:00:00+05:30,89.55,91.7,88.85,90.85,8797
ELECTHERM,2020-11-06 00:00:00+05:30,91.5,93.7,90.75,91.45,8174
ELECTHERM,2020-11-09 00:00:00+05:30,91.95,93.25,90.95,91.2,8199
ELECTHERM,2020-11-10 00:00:00+05:30,91.75,93.6,89.25,90.45,12337
ELECTHERM,2020-11-11 00:00:00+05:30,91.4,92.4,89.55,91.2,8266
ELECTHERM,2020-11-12 00:00:00+05:30,91.2,92.7,90.1,90.45,14978
ELECTHERM,2020-11-13 00:00:00+05:30,90.15,90.95,88.7,89.65,10058
ELECTHERM,2020-11-14 00:00:00+05:30,91.5,92.0,90.0,91.55,2094
ELECTHERM,2020-11-17 00:00:00+05:30,90.0,92.7,90.0,91.8,12367
ELECTHERM,2020-11-18 00:00:00+05:30,92.1,92.5,90.35,91.45,23003
ELECTHERM,2020-11-19 00:00:00+05:30,91.0,92.0,89.35,90.25,23692
ELECTHERM,2020-11-20 00:00:00+05:30,91.7,91.7,90.0,90.5,12751
ELECTHERM,2020-11-23 00:00:00+05:30,92.4,92.4,90.55,90.7,41142
ELECTHERM,2020-11-24 00:00:00+05:30,91.75,108.8,90.8,108.8,343804
ELECTHERM,2020-11-25 00:00:00+05:30,114.0,119.0,101.0,102.2,246883
ELECTHERM,2020-11-26 00:00:00+05:30,103.7,108.0,98.7,105.1,64340
ELECTHERM,2020-11-27 00:00:00+05:30,105.25,106.3,101.25,102.6,21645
ELECTHERM,2020-12-01 00:00:00+05:30,102.75,105.0,100.05,102.2,21618
ELECTHERM,2020-12-02 00:00:00+05:30,103.0,122.6,102.7,115.8,561630
ELECTHERM,2020-12-03 00:00:00+05:30,114.8,122.25,107.25,113.3,263146
ELECTHERM,2020-12-04 00:00:00+05:30,117.9,117.95,111.8,113.5,44389
ELECTHERM,2020-12-07 00:00:00+05:30,115.7,115.7,109.3,112.0,25652
ELECTHERM,2020-12-08 00:00:00+05:30,112.0,114.45,106.1,109.4,38566
ELECTHERM,2020-12-09 00:00:00+05:30,109.4,131.2,109.4,117.15,477177
ELECTHERM,2020-12-10 00:00:00+05:30,117.95,118.9,113.2,114.55,52559
ELECTHERM,2020-12-11 00:00:00+05:30,114.85,122.9,114.85,120.15,136722
ELECTHERM,2020-12-14 00:00:00+05:30,118.0,129.8,118.0,122.05,72231
ELECTHERM,2020-12-15 00:00:00+05:30,123.65,124.05,118.55,121.95,43919
ELECTHERM,2020-12-16 00:00:00+05:30,121.95,125.0,119.4,122.4,37094
ELECTHERM,2020-12-17 00:00:00+05:30,124.0,124.0,120.0,120.6,32223
ELECTHERM,2020-12-18 00:00:00+05:30,123.4,123.4,117.5,120.95,55136
ELECTHERM,2020-12-21 00:00:00+05:30,122.45,127.35,109.0,111.3,80653
ELECTHERM,2020-12-22 00:00:00+05:30,110.0,116.9,105.2,112.75,35690
ELECTHERM,2020-12-23 00:00:00+05:30,115.5,117.0,108.0,113.5,19357
ELECTHERM,2020-12-24 00:00:00+05:30,112.5,118.4,112.5,114.9,21559
ELECTHERM,2020-12-28 00:00:00+05:30,116.75,117.85,114.0,114.7,14287
ELECTHERM,2020-12-29 00:00:00+05:30,116.75,116.75,112.0,113.6,17700
ELECTHERM,2020-12-30 00:00:00+05:30,113.25,116.0,112.2,114.45,20322
ELECTHERM,2020-12-31 00:00:00+05:30,113.45,114.8,109.95,113.3,18427
ELECTHERM,2021-01-01 00:00:00+05:30,114.7,120.95,112.0,115.95,49894
ELECTHERM,2021-01-04 00:00:00+05:30,114.6,119.2,114.6,117.0,23483
ELECTHERM,2021-01-05 00:00:00+05:30,118.9,125.0,118.9,121.75,94280
ELECTHERM,2021-01-06 00:00:00+05:30,124.7,126.0,122.1,122.85,31175
ELECTHERM,2021-01-07 00:00:00+05:30,124.5,125.75,121.5,123.0,31242
ELECTHERM,2021-01-08 00:00:00+05:30,124.75,136.0,122.45,126.7,165420
ELECTHERM,2021-01-11 00:00:00+05:30,130.75,130.75,122.0,124.15,29827
ELECTHERM,2021-01-12 00:00:00+05:30,123.4,127.0,121.85,122.45,20298
ELECTHERM,2021-01-13 00:00:00+05:30,122.4,122.4,118.0,119.05,44491
ELECTHERM,2021-01-14 00:00:00+05:30,120.95,122.95,119.7,120.75,17450
ELECTHERM,2021-01-15 00:00:00+05:30,122.8,122.8,117.1,118.55,30980
ELECTHERM,2021-01-18 00:00:00+05:30,118.1,118.1,115.0,115.95,13060
ELECTHERM,2021-01-19 00:00:00+05:30,115.5,118.0,115.0,116.75,9945
ELECTHERM,2021-01-20 00:00:00+05:30,115.05,118.95,115.05,116.7,14213
ELECTHERM,2021-01-21 00:00:00+05:30,116.7,117.8,114.05,115.85,18715
ELECTHERM,2021-01-22 00:00:00+05:30,116.05,116.05,110.5,113.15,9809
ELECTHERM,2021-01-25 00:00:00+05:30,117.9,117.9,108.2,110.4,13932
ELECTHERM,2021-01-27 00:00:00+05:30,114.85,114.9,106.25,106.95,12941
ELECTHERM,2021-01-28 00:00:00+05:30,107.8,110.0,107.0,109.2,6922
ELECTHERM,2021-01-29 00:00:00+05:30,110.9,111.7,109.3,110.0,4663
ELECTHERM,2021-02-01 00:00:00+05:30,107.5,112.1,107.5,111.05,6721
ELECTHERM,2021-02-02 00:00:00+05:30,112.65,114.05,108.05,109.85,26009
ELECTHERM,2021-02-03 00:00:00+05:30,111.8,112.5,109.5,109.7,17987
ELECTHERM,2021-02-04 00:00:00+05:30,110.05,112.5,109.7,111.3,21095
ELECTHERM,2021-02-05 00:00:00+05:30,112.4,112.4,108.0,108.7,33016
ELECTHERM,2021-02-08 00:00:00+05:30,108.1,111.05,107.5,108.55,19886
ELECTHERM,2021-02-09 00:00:00+05:30,108.8,110.0,106.5,108.15,13250
ELECTHERM,2021-02-10 00:00:00+05:30,110.55,110.6,103.2,106.7,13099
ELECTHERM,2021-02-11 00:00:00+05:30,109.55,109.55,102.1,105.95,24142
ELECTHERM,2021-02-12 00:00:00+05:30,127.1,127.1,119.9,127.1,441438
ELECTHERM,2021-02-15 00:00:00+05:30,135.8,140.9,128.3,134.9,261764
ELECTHERM,2021-02-16 00:00:00+05:30,136.8,136.85,121.2,123.5,157588
ELECTHERM,2021-02-17 00:00:00+05:30,124.5,127.15,114.5,118.5,81223
ELECTHERM,2021-02-18 00:00:00+05:30,119.5,122.5,116.65,118.2,16687
ELECTHERM,2021-02-19 00:00:00+05:30,120.65,122.0,116.25,117.25,20847
ELECTHERM,2021-02-22 00:00:00+05:30,119.9,119.9,114.15,115.85,15889
ELECTHERM,2021-02-23 00:00:00+05:30,118.1,119.9,115.75,118.6,51855
ELECTHERM,2021-02-24 00:00:00+05:30,117.3,141.0,108.35,119.0,17297
ELECTHERM,2021-02-25 00:00:00+05:30,121.35,126.4,118.75,119.5,32523
ELECTHERM,2021-02-26 00:00:00+05:30,115.55,122.25,115.55,119.6,34945
ELECTHERM,2021-03-01 00:00:00+05:30,121.2,122.45,118.15,118.45,18337
ELECTHERM,2021-03-02 00:00:00+05:30,119.9,124.5,118.0,120.4,41853
ELECTHERM,2021-03-03 00:00:00+05:30,122.8,126.0,120.65,123.55,37663
ELECTHERM,2021-03-04 00:00:00+05:30,123.0,124.85,118.5,121.35,28772
ELECTHERM,2021-03-05 00:00:00+05:30,121.8,123.85,119.5,120.8,22355
ELECTHERM,2021-03-08 00:00:00+05:30,121.95,123.6,120.0,121.85,25990
ELECTHERM,2021-03-09 00:00:00+05:30,122.7,123.0,115.0,119.65,35854
ELECTHERM,2021-03-10 00:00:00+05:30,120.0,122.05,116.45,120.45,19730
ELECTHERM,2021-03-12 00:00:00+05:30,118.2,119.8,114.6,116.2,78711
ELECTHERM,2021-03-15 00:00:00+05:30,118.55,118.55,113.6,115.95,15628
ELECTHERM,2021-03-16 00:00:00+05:30,116.4,118.45,110.3,113.6,19915
ELECTHERM,2021-03-17 00:00:00+05:30,113.1,114.55,110.3,110.8,36955
ELECTHERM,2021-03-18 00:00:00+05:30,112.05,113.55,108.45,109.35,11524
ELECTHERM,2021-03-19 00:00:00+05:30,109.3,110.4,104.05,108.75,32321
ELECTHERM,2021-03-22 00:00:00+05:30,110.2,110.2,102.2,108.55,12265
ELECTHERM,2021-03-23 00:00:00+05:30,109.1,109.55,106.25,107.45,16373
ELECTHERM,2021-03-24 00:00:00+05:30,107.35,108.9,107.0,107.8,13647
ELECTHERM,2021-03-25 00:00:00+05:30,108.95,108.95,102.75,103.8,11529
ELECTHERM,2021-03-26 00:00:00+05:30,106.75,108.2,102.0,104.95,29868
ELECTHERM,2021-03-30 00:00:00+05:30,106.45,120.5,105.1,108.15,61091
ELECTHERM,2021-03-31 00:00:00+05:30,109.4,113.6,108.5,112.35,19636
ELECTHERM,2021-04-01 00:00:00+05:30,112.55,117.1,110.95,112.95,39676
ELECTHERM,2021-04-05 00:00:00+05:30,113.15,116.35,108.0,110.3,14826
ELECTHERM,2021-04-06 00:00:00+05:30,111.5,113.3,110.5,111.55,11071
ELECTHERM,2021-04-07 00:00:00+05:30,112.55,112.9,108.8,110.15,36120
ELECTHERM,2021-04-08 00:00:00+05:30,111.8,111.8,108.85,109.85,12997
ELECTHERM,2021-04-09 00:00:00+05:30,111.15,112.2,109.3,109.9,7364
ELECTHERM,2021-04-12 00:00:00+05:30,109.9,109.9,102.45,103.05,23189
ELECTHERM,2021-04-13 00:00:00+05:30,105.0,106.75,103.25,105.9,6545
ELECTHERM,2021-04-15 00:00:00+05:30,106.0,107.4,101.55,102.65,21679
ELECTHERM,2021-04-16 00:00:00+05:30,105.8,105.8,103.1,104.25,27464
ELECTHERM,2021-04-19 00:00:00+05:30,104.7,104.7,99.25,100.6,10573
ELECTHERM,2021-04-20 00:00:00+05:30,98.1,103.9,98.1,100.45,11136
ELECTHERM,2021-04-22 00:00:00+05:30,100.75,103.4,99.0,102.55,10267
ELECTHERM,2021-04-23 00:00:00+05:30,104.5,106.6,102.7,105.0,9056
ELECTHERM,2021-04-26 00:00:00+05:30,109.5,109.95,104.1,105.85,21673
ELECTHERM,2021-04-27 00:00:00+05:30,108.55,108.55,104.5,106.25,46473
ELECTHERM,2021-04-28 00:00:00+05:30,105.2,112.5,105.2,111.55,31547
ELECTHERM,2021-04-29 00:00:00+05:30,112.6,115.1,108.6,109.3,28585
ELECTHERM,2021-04-30 00:00:00+05:30,109.55,114.2,108.25,109.7,11712
ELECTHERM,2021-05-03 00:00:00+05:30,109.45,112.5,107.1,108.0,24601
ELECTHERM,2021-05-04 00:00:00+05:30,109.6,111.3,106.2,107.1,10918
ELECTHERM,2021-05-05 00:00:00+05:30,108.15,110.35,106.7,108.8,27370
ELECTHERM,2021-05-06 00:00:00+05:30,108.95,114.4,105.2,113.35,30316
ELECTHERM,2021-05-07 00:00:00+05:30,112.05,136.0,112.05,129.2,707220
ELECTHERM,2021-05-10 00:00:00+05:30,130.5,137.8,126.0,131.65,312695
ELECTHERM,2021-05-11 00:00:00+05:30,130.0,131.5,127.25,129.0,44627
ELECTHERM,2021-05-12 00:00:00+05:30,132.15,132.15,121.1,123.35,40086
ELECTHERM,2021-05-14 00:00:00+05:30,126.7,129.45,116.2,118.25,42710
ELECTHERM,2021-05-17 00:00:00+05:30,121.45,121.45,116.4,117.55,35600
ELECTHERM,2021-05-18 00:00:00+05:30,119.95,125.5,118.45,124.4,45381
ELECTHERM,2021-05-19 00:00:00+05:30,124.85,128.5,120.65,121.25,18639
ELECTHERM,2021-05-20 00:00:00+05:30,122.65,122.8,118.25,120.5,14414
ELECTHERM,2021-05-21 00:00:00+05:30,123.15,123.25,113.2,118.25,32302
ELECTHERM,2021-05-24 00:00:00+05:30,121.9,121.95,118.1,118.85,8963
ELECTHERM,2021-05-25 00:00:00+05:30,121.45,140.95,118.75,132.95,458267
ELECTHERM,2021-05-26 00:00:00+05:30,134.9,134.9,124.45,127.45,87801
ELECTHERM,2021-05-27 00:00:00+05:30,128.7,130.1,126.9,128.15,22294
ELECTHERM,2021-05-28 00:00:00+05:30,129.05,130.15,121.35,123.35,28276
ELECTHERM,2021-05-31 00:00:00+05:30,124.3,126.85,120.1,121.35,18946
ELECTHERM,2021-06-01 00:00:00+05:30,121.1,123.9,118.25,119.35,28084
ELECTHERM,2021-06-02 00:00:00+05:30,119.45,134.8,119.4,129.6,117738
ELECTHERM,2021-06-03 00:00:00+05:30,133.0,147.0,127.45,132.7,72355
ELECTHERM,2021-06-04 00:00:00+05:30,136.35,136.35,127.8,130.75,54533
ELECTHERM,2021-06-07 00:00:00+05:30,131.85,134.25,129.2,131.55,27999
ELECTHERM,2021-06-08 00:00:00+05:30,131.55,133.8,122.95,128.95,38678
ELECTHERM,2021-06-09 00:00:00+05:30,130.5,131.05,128.0,128.35,22898
ELECTHERM,2021-06-10 00:00:00+05:30,129.0,130.7,126.45,127.85,18589
ELECTHERM,2021-06-11 00:00:00+05:30,128.3,151.9,128.15,143.0,562492
ELECTHERM,2021-06-14 00:00:00+05:30,144.3,164.45,140.8,157.9,561917
ELECTHERM,2021-06-15 00:00:00+05:30,160.35,168.0,156.1,157.85,200790
ELECTHERM,2021-06-16 00:00:00+05:30,158.75,159.2,148.0,149.8,78444
ELECTHERM,2021-06-17 00:00:00+05:30,151.4,167.0,143.5,158.3,217004
ELECTHERM,2021-06-18 00:00:00+05:30,161.8,167.0,152.5,163.8,213270
ELECTHERM,2021-06-21 00:00:00+05:30,161.1,168.65,157.25,162.35,105828
ELECTHERM,2021-06-22 00:00:00+05:30,164.95,194.8,160.5,194.8,890838
ELECTHERM,2021-06-23 00:00:00+05:30,198.0,198.8,176.05,180.35,360918
ELECTHERM,2021-06-24 00:00:00+05:30,182.0,184.75,170.0,171.8,94295
ELECTHERM,2021-06-25 00:00:00+05:30,171.95,180.1,168.65,172.4,95114
ELECTHERM,2021-06-28 00:00:00+05:30,174.95,178.0,168.4,170.35,59426
ELECTHERM,2021-06-29 00:00:00+05:30,168.5,174.8,168.5,171.0,45432
ELECTHERM,2021-06-30 00:00:00+05:30,172.6,174.8,168.25,169.95,39179
ELECTHERM,2021-07-01 00:00:00+05:30,170.1,173.9,165.75,168.25,30529
ELECTHERM,2021-07-02 00:00:00+05:30,172.6,172.9,167.05,170.2,39893
ELECTHERM,2021-07-05 00:00:00+05:30,169.1,171.85,167.95,169.85,29696
ELECTHERM,2021-07-06 00:00:00+05:30,170.5,174.9,168.1,170.55,41843
ELECTHERM,2021-07-07 00:00:00+05:30,171.0,171.0,156.85,158.3,103759
ELECTHERM,2021-07-08 00:00:00+05:30,158.6,162.35,153.05,157.8,67659
ELECTHERM,2021-07-09 00:00:00+05:30,159.9,160.0,150.65,153.0,60580
ELECTHERM,2021-07-12 00:00:00+05:30,153.05,156.9,151.2,152.95,34150
ELECTHERM,2021-07-13 00:00:00+05:30,154.0,164.8,153.1,161.65,142237
ELECTHERM,2021-07-14 00:00:00+05:30,162.3,162.8,155.25,158.65,39047
ELECTHERM,2021-07-15 00:00:00+05:30,161.65,161.8,154.6,155.2,25872
ELECTHERM,2021-07-16 00:00:00+05:30,155.8,161.0,155.15,159.8,25486
ELECTHERM,2021-07-19 00:00:00+05:30,155.1,159.25,155.0,155.5,19927
ELECTHERM,2021-07-20 00:00:00+05:30,155.0,156.9,151.1,152.0,14413
ELECTHERM,2021-07-22 00:00:00+05:30,152.5,157.55,151.75,152.8,15919
ELECTHERM,2021-07-23 00:00:00+05:30,156.55,156.6,150.55,153.5,13748
ELECTHERM,2021-07-26 00:00:00+05:30,152.0,155.5,150.0,151.35,20483
ELECTHERM,2021-07-27 00:00:00+05:30,153.8,153.8,146.8,148.75,18883
ELECTHERM,2021-07-28 00:00:00+05:30,149.5,150.0,145.0,145.9,21173
ELECTHERM,2021-07-29 00:00:00+05:30,145.95,154.0,145.15,149.8,36993
ELECTHERM,2021-07-30 00:00:00+05:30,147.65,153.35,147.65,148.9,13556
ELECTHERM,2021-08-02 00:00:00+05:30,152.8,152.8,146.55,147.35,22146
ELECTHERM,2021-08-03 00:00:00+05:30,150.0,150.7,146.7,147.85,18048
ELECTHERM,2021-08-04 00:00:00+05:30,151.2,151.2,141.3,142.7,33270
ELECTHERM,2021-08-05 00:00:00+05:30,145.9,145.9,136.2,140.7,16010
ELECTHERM,2021-08-06 00:00:00+05:30,143.4,145.2,140.0,141.3,11616
ELECTHERM,2021-08-09 00:00:00+05:30,141.1,143.2,138.8,139.25,20116
ELECTHERM,2021-08-10 00:00:00+05:30,141.3,141.3,128.2,133.3,16715
ELECTHERM,2021-08-11 00:00:00+05:30,130.4,134.1,121.9,126.9,30946
ELECTHERM,2021-08-12 00:00:00+05:30,130.65,137.9,129.5,135.75,29579
ELECTHERM,2021-08-13 00:00:00+05:30,137.45,138.5,134.45,135.65,18922
ELECTHERM,2021-08-16 00:00:00+05:30,137.3,137.3,131.3,131.95,5532
ELECTHERM,2021-08-17 00:00:00+05:30,132.4,132.8,122.2,124.75,17092
ELECTHERM,2021-08-18 00:00:00+05:30,126.0,127.6,124.15,125.25,8735
ELECTHERM,2021-08-20 00:00:00+05:30,126.85,126.85,115.2,119.35,38136
ELECTHERM,2021-08-23 00:00:00+05:30,120.2,125.0,116.3,117.55,12979
ELECTHERM,2021-08-24 00:00:00+05:30,117.55,122.7,116.05,122.3,11882
ELECTHERM,2021-08-25 00:00:00+05:30,124.6,124.9,122.05,123.45,8386
ELECTHERM,2021-08-26 00:00:00+05:30,125.95,126.0,121.0,122.2,11062
ELECTHERM,2021-08-27 00:00:00+05:30,125.45,131.8,122.0,125.15,23941
ELECTHERM,2021-08-30 00:00:00+05:30,126.9,126.9,122.0,125.0,27127
ELECTHERM,2021-08-31 00:00:00+05:30,127.0,127.0,124.15,125.2,6991
ELECTHERM,2021-09-01 00:00:00+05:30,126.0,126.75,124.05,126.5,6003
ELECTHERM,2021-09-02 00:00:00+05:30,127.05,128.7,125.4,126.8,8338
ELECTHERM,2021-09-03 00:00:00+05:30,126.4,128.75,126.0,126.2,9895
ELECTHERM,2021-09-06 00:00:00+05:30,132.0,138.8,127.0,127.7,200683
ELECTHERM,2021-09-07 00:00:00+05:30,129.0,129.0,125.05,126.35,14160
ELECTHERM,2021-09-08 00:00:00+05:30,126.55,127.35,124.1,126.4,16901
ELECTHERM,2021-09-09 00:00:00+05:30,127.9,133.4,126.05,127.15,21065
ELECTHERM,2021-09-13 00:00:00+05:30,128.8,130.0,124.95,129.0,21196
ELECTHERM,2021-09-14 00:00:00+05:30,129.0,130.45,126.1,128.25,12863
ELECTHERM,2021-09-15 00:00:00+05:30,132.9,136.3,128.95,131.8,65936
ELECTHERM,2021-09-16 00:00:00+05:30,133.6,133.6,127.0,128.8,58096
ELECTHERM,2021-09-17 00:00:00+05:30,128.1,130.15,126.0,126.75,24202
ELECTHERM,2021-09-20 00:00:00+05:30,128.0,128.0,122.3,124.45,14479
ELECTHERM,2021-09-21 00:00:00+05:30,126.15,127.25,123.0,124.35,29343
ELECTHERM,2021-09-22 00:00:00+05:30,126.0,126.0,122.5,122.95,13371
ELECTHERM,2021-09-23 00:00:00+05:30,126.0,126.0,118.0,119.05,136513
ELECTHERM,2021-09-24 00:00:00+05:30,121.4,121.5,116.6,117.95,41005
ELECTHERM,2021-09-27 00:00:00+05:30,120.3,120.3,116.2,117.15,18421
ELECTHERM,2021-09-28 00:00:00+05:30,119.0,119.05,117.05,117.75,6526
ELECTHERM,2021-09-29 00:00:00+05:30,117.45,118.7,116.15,117.65,14634
ELECTHERM,2021-09-30 00:00:00+05:30,118.9,119.35,117.1,118.4,17887
ELECTHERM,2021-10-01 00:00:00+05:30,119.5,119.5,117.3,119.1,10334
ELECTHERM,2021-10-04 00:00:00+05:30,119.6,122.8,117.4,121.85,16356
ELECTHERM,2021-10-05 00:00:00+05:30,124.5,134.0,123.8,133.6,182526
ELECTHERM,2021-10-06 00:00:00+05:30,135.95,146.55,127.7,130.0,245646
ELECTHERM,2021-10-07 00:00:00+05:30,133.5,144.9,131.05,143.05,139837
ELECTHERM,2021-10-08 00:00:00+05:30,143.05,143.05,138.25,140.6,41129
ELECTHERM,2021-10-11 00:00:00+05:30,140.6,148.0,140.0,142.3,151800
ELECTHERM,2021-10-12 00:00:00+05:30,143.0,147.0,136.6,142.5,108877
ELECTHERM,2021-10-13 00:00:00+05:30,144.85,145.0,138.55,139.6,29930
ELECTHERM,2021-10-14 00:00:00+05:30,142.95,145.35,140.0,141.7,62496
ELECTHERM,2021-10-18 00:00:00+05:30,147.0,152.0,132.7,134.6,180765
ELECTHERM,2021-10-19 00:00:00+05:30,134.8,136.8,132.1,132.55,28458
ELECTHERM,2021-10-20 00:00:00+05:30,132.55,134.0,129.0,129.9,25472
ELECTHERM,2021-10-21 00:00:00+05:30,130.25,132.7,126.6,129.15,17198
ELECTHERM,2021-10-22 00:00:00+05:30,132.0,132.7,124.35,125.65,30429
ELECTHERM,2021-10-25 00:00:00+05:30,129.9,129.9,120.2,122.2,20883
ELECTHERM,2021-10-26 00:00:00+05:30,126.0,129.0,122.2,125.05,20623
ELECTHERM,2021-10-27 00:00:00+05:30,128.95,128.95,125.0,125.0,29312
ELECTHERM,2021-10-28 00:00:00+05:30,128.6,128.65,117.65,120.05,27922
ELECTHERM,2021-10-29 00:00:00+05:30,124.0,124.0,117.55,120.8,15298
ELECTHERM,2021-11-01 00:00:00+05:30,120.9,123.4,120.5,122.3,12965
ELECTHERM,2021-11-02 00:00:00+05:30,123.85,125.9,117.2,121.2,37225
ELECTHERM,2021-11-03 00:00:00+05:30,122.0,124.3,119.3,121.7,17178
ELECTHERM,2021-11-04 00:00:00+05:30,123.9,125.5,122.15,124.0,6094
ELECTHERM,2021-11-08 00:00:00+05:30,127.5,128.7,124.45,126.55,20107
ELECTHERM,2021-11-09 00:00:00+05:30,127.7,127.7,125.75,127.05,12953
ELECTHERM,2021-11-10 00:00:00+05:30,127.2,129.45,125.05,126.45,13447
ELECTHERM,2021-11-11 00:00:00+05:30,126.85,126.85,123.35,123.95,11936
ELECTHERM,2021-11-12 00:00:00+05:30,126.75,126.75,122.25,122.7,12148
ELECTHERM,2021-11-15 00:00:00+05:30,123.6,124.9,121.0,121.6,16047
ELECTHERM,2021-11-16 00:00:00+05:30,123.9,123.9,118.2,120.2,18812
ELECTHERM,2021-11-17 00:00:00+05:30,120.1,123.65,119.2,120.05,20455
ELECTHERM,2021-11-18 00:00:00+05:30,119.25,121.8,117.0,117.65,16058
ELECTHERM,2021-11-22 00:00:00+05:30,115.65,117.55,114.0,114.55,17545
ELECTHERM,2021-11-23 00:00:00+05:30,113.0,118.85,113.0,118.1,10293
ELECTHERM,2021-11-24 00:00:00+05:30,117.0,119.0,116.45,118.15,12342
ELECTHERM,2021-11-25 00:00:00+05:30,117.0,123.9,116.0,122.4,27927
ELECTHERM,2021-11-26 00:00:00+05:30,122.4,122.4,115.5,116.25,21786
ELECTHERM,2021-11-29 00:00:00+05:30,115.0,115.0,111.25,112.35,9932
ELECTHERM,2021-11-30 00:00:00+05:30,114.4,118.5,111.65,115.5,28120
ELECTHERM,2021-12-01 00:00:00+05:30,117.7,117.7,112.1,113.65,10446
ELECTHERM,2021-12-02 00:00:00+05:30,115.85,115.85,112.55,115.4,10310
ELECTHERM,2021-12-03 00:00:00+05:30,115.4,116.9,114.0,114.65,10021
ELECTHERM,2021-12-06 00:00:00+05:30,117.6,117.6,111.2,112.95,9219
ELECTHERM,2021-12-07 00:00:00+05:30,114.7,117.0,112.4,115.3,9777
ELECTHERM,2021-12-08 00:00:00+05:30,116.9,121.8,115.1,119.15,22669
ELECTHERM,2021-12-09 00:00:00+05:30,119.0,126.5,117.7,123.1,72835
ELECTHERM,2021-12-10 00:00:00+05:30,125.9,129.5,123.5,126.1,49030
ELECTHERM,2021-12-13 00:00:00+05:30,128.5,128.8,123.6,125.45,14023
ELECTHERM,2021-12-14 00:00:00+05:30,125.45,136.0,122.5,130.2,197522
ELECTHERM,2021-12-15 00:00:00+05:30,131.4,131.4,125.25,126.85,37140
ELECTHERM,2021-12-16 00:00:00+05:30,128.95,130.0,123.2,124.5,58127
ELECTHERM,2021-12-17 00:00:00+05:30,126.9,126.9,120.5,122.1,16251
ELECTHERM,2021-12-20 00:00:00+05:30,121.0,122.1,113.65,115.15,13660
ELECTHERM,2021-12-21 00:00:00+05:30,117.75,118.55,116.0,116.85,6147
ELECTHERM,2021-12-22 00:00:00+05:30,118.85,121.0,116.8,117.55,12065
ELECTHERM,2021-12-23 00:00:00+05:30,119.9,120.7,118.0,119.05,5666
ELECTHERM,2021-12-24 00:00:00+05:30,118.5,122.4,116.55,117.1,12553
ELECTHERM,2021-12-27 00:00:00+05:30,117.55,119.7,117.4,118.3,6653
ELECTHERM,2021-12-28 00:00:00+05:30,121.0,141.95,120.0,141.95,480897
ELECTHERM,2021-12-29 00:00:00+05:30,143.8,148.25,134.55,135.65,429747
ELECTHERM,2021-12-30 00:00:00+05:30,134.8,145.9,134.0,138.0,141188
ELECTHERM,2021-12-31 00:00:00+05:30,139.4,143.85,135.2,138.05,79888
ELECTHERM,2022-01-03 00:00:00+05:30,138.9,145.5,137.0,139.45,54460
ELECTHERM,2022-01-04 00:00:00+05:30,139.6,140.75,135.05,137.2,30319
ELECTHERM,2022-01-05 00:00:00+05:30,135.5,140.0,132.0,133.35,38275
ELECTHERM,2022-01-06 00:00:00+05:30,133.0,145.4,132.95,142.75,148767
ELECTHERM,2022-01-07 00:00:00+05:30,144.9,145.6,137.3,139.75,66559
ELECTHERM,2022-01-10 00:00:00+05:30,138.0,142.75,135.2,138.9,41633
ELECTHERM,2022-01-11 00:00:00+05:30,138.6,140.35,136.2,137.4,17608
ELECTHERM,2022-01-12 00:00:00+05:30,138.1,144.0,137.25,139.6,59516
ELECTHERM,2022-01-13 00:00:00+05:30,140.8,143.85,139.0,140.1,29734
ELECTHERM,2022-01-14 00:00:00+05:30,142.35,168.0,141.0,160.85,957804
ELECTHERM,2022-01-17 00:00:00+05:30,162.8,167.65,153.85,156.65,165891
ELECTHERM,2022-01-18 00:00:00+05:30,157.8,162.0,152.0,155.0,95651
ELECTHERM,2022-01-19 00:00:00+05:30,155.0,155.05,148.6,151.6,58278
ELECTHERM,2022-01-20 00:00:00+05:30,152.5,170.0,152.5,159.9,299768
ELECTHERM,2022-01-21 00:00:00+05:30,160.0,166.95,156.05,157.35,111612
ELECTHERM,2022-01-24 00:00:00+05:30,156.15,159.0,127.25,132.9,207314
ELECTHERM,2022-01-25 00:00:00+05:30,135.0,138.0,133.0,134.75,102876
ELECTHERM,2022-01-27 00:00:00+05:30,132.8,134.65,127.6,132.05,72248
ELECTHERM,2022-01-28 00:00:00+05:30,135.5,138.8,130.0,132.15,82603
ELECTHERM,2022-01-31 00:00:00+05:30,137.45,137.45,132.65,133.4,61659
ELECTHERM,2022-02-01 00:00:00+05:30,135.0,136.75,132.65,134.85,29499
ELECTHERM,2022-02-02 00:00:00+05:30,136.75,146.25,135.1,141.8,89415
ELECTHERM,2022-02-03 00:00:00+05:30,140.5,141.8,137.2,137.85,26134
ELECTHERM,2022-02-04 00:00:00+05:30,140.5,141.1,137.05,137.85,23501
ELECTHERM,2022-02-07 00:00:00+05:30,138.05,145.7,136.2,139.15,83165
ELECTHERM,2022-02-08 00:00:00+05:30,141.8,142.2,135.0,136.7,28356
ELECTHERM,2022-02-09 00:00:00+05:30,139.0,142.0,136.95,139.05,25196
ELECTHERM,2022-02-10 00:00:00+05:30,137.05,138.05,134.4,135.35,42916
ELECTHERM,2022-02-11 00:00:00+05:30,135.0,137.8,132.05,133.5,28106
ELECTHERM,2022-02-14 00:00:00+05:30,121.0,123.75,115.25,116.7,185898
ELECTHERM,2022-02-15 00:00:00+05:30,119.05,122.6,115.95,120.45,41413
ELECTHERM,2022-02-16 00:00:00+05:30,123.4,125.0,119.2,120.3,24130
ELECTHERM,2022-02-17 00:00:00+05:30,123.45,123.45,117.1,120.2,34700
ELECTHERM,2022-02-18 00:00:00+05:30,120.2,121.7,118.95,119.95,19928
ELECTHERM,2022-02-21 00:00:00+05:30,122.2,122.2,110.9,112.8,36535
ELECTHERM,2022-02-22 00:00:00+05:30,111.0,112.65,106.8,109.9,42130
ELECTHERM,2022-02-23 00:00:00+05:30,112.55,116.15,110.95,114.9,28438
ELECTHERM,2022-02-24 00:00:00+05:30,110.2,112.6,103.9,104.5,26381
ELECTHERM,2022-02-25 00:00:00+05:30,108.25,112.0,102.95,105.05,56832
ELECTHERM,2022-02-28 00:00:00+05:30,105.9,111.8,104.85,110.85,47390
ELECTHERM,2022-03-02 00:00:00+05:30,109.3,114.75,105.2,108.25,55285
ELECTHERM,2022-03-03 00:00:00+05:30,111.3,117.55,110.0,112.3,62861
ELECTHERM,2022-03-04 00:00:00+05:30,112.35,114.6,110.9,112.05,19501
ELECTHERM,2022-03-07 00:00:00+05:30,110.05,111.1,106.9,107.75,13847
ELECTHERM,2022-03-08 00:00:00+05:30,110.25,111.25,108.25,109.7,8677
ELECTHERM,2022-03-09 00:00:00+05:30,111.7,115.0,110.0,113.45,49477
ELECTHERM,2022-03-10 00:00:00+05:30,117.8,119.9,113.0,115.8,60657
ELECTHERM,2022-03-11 00:00:00+05:30,116.7,116.85,113.15,114.65,11766
ELECTHERM,2022-03-14 00:00:00+05:30,116.3,116.3,111.25,112.75,16241
ELECTHERM,2022-03-15 00:00:00+05:30,113.9,116.95,110.1,110.65,28747
ELECTHERM,2022-03-16 00:00:00+05:30,112.65,114.9,112.1,113.7,15881
ELECTHERM,2022-03-17 00:00:00+05:30,114.25,116.2,114.0,114.35,12510
ELECTHERM,2022-03-21 00:00:00+05:30,115.0,115.5,113.1,113.7,14597
ELECTHERM,2022-03-22 00:00:00+05:30,113.75,116.0,112.0,115.55,29523
ELECTHERM,2022-03-23 00:00:00+05:30,116.2,117.5,114.35,115.8,16336
ELECTHERM,2022-03-24 00:00:00+05:30,114.5,116.3,113.35,113.75,24690
ELECTHERM,2022-03-25 00:00:00+05:30,115.8,115.8,112.05,112.75,18345
ELECTHERM,2022-03-28 00:00:00+05:30,115.4,115.4,110.3,110.8,18510
ELECTHERM,2022-03-29 00:00:00+05:30,112.0,114.35,110.5,111.9,41943
ELECTHERM,2022-03-30 00:00:00+05:30,113.95,114.75,111.1,111.8,20204
ELECTHERM,2022-03-31 00:00:00+05:30,113.55,117.4,111.1,112.3,68080
ELECTHERM,2022-04-01 00:00:00+05:30,113.75,116.55,112.05,115.75,24245
ELECTHERM,2022-04-04 00:00:00+05:30,116.45,121.35,116.4,118.4,35354
ELECTHERM,2022-04-05 00:00:00+05:30,119.5,122.85,117.8,119.95,23281
ELECTHERM,2022-04-06 00:00:00+05:30,120.85,134.9,120.0,126.7,95561
ELECTHERM,2022-04-07 00:00:00+05:30,128.7,130.2,119.2,125.45,47260
ELECTHERM,2022-04-08 00:00:00+05:30,127.95,128.45,123.3,127.25,14844
ELECTHERM,2022-04-11 00:00:00+05:30,127.25,133.9,124.1,124.65,101098
ELECTHERM,2022-04-12 00:00:00+05:30,126.9,126.9,122.0,122.7,12941
ELECTHERM,2022-04-13 00:00:00+05:30,125.15,126.0,123.25,125.2,21581
ELECTHERM,2022-04-18 00:00:00+05:30,126.9,130.0,120.55,126.5,41421
ELECTHERM,2022-04-19 00:00:00+05:30,126.5,129.4,122.0,124.65,29580
ELECTHERM,2022-04-20 00:00:00+05:30,122.6,127.0,122.6,125.75,8069
ELECTHERM,2022-04-21 00:00:00+05:30,128.0,128.0,123.65,126.0,19890
ELECTHERM,2022-04-22 00:00:00+05:30,127.0,127.0,124.0,124.9,9198
ELECTHERM,2022-04-25 00:00:00+05:30,124.9,124.9,117.35,121.8,40512
ELECTHERM,2022-04-26 00:00:00+05:30,124.15,129.5,121.4,122.4,60038
ELECTHERM,2022-04-27 00:00:00+05:30,124.55,124.6,119.3,120.7,10707
ELECTHERM,2022-04-28 00:00:00+05:30,120.9,125.0,120.5,123.65,11429
ELECTHERM,2022-04-29 00:00:00+05:30,121.5,124.7,121.25,122.0,15708
ELECTHERM,2022-05-02 00:00:00+05:30,119.05,121.9,117.0,118.05,16665
ELECTHERM,2022-05-04 00:00:00+05:30,119.5,119.95,113.1,114.85,15046
ELECTHERM,2022-05-05 00:00:00+05:30,117.05,117.05,113.75,114.65,6320
ELECTHERM,2022-05-06 00:00:00+05:30,112.8,118.0,112.65,115.75,35708
ELECTHERM,2022-05-09 00:00:00+05:30,116.7,124.8,113.45,115.55,84244
ELECTHERM,2022-05-10 00:00:00+05:30,116.6,117.45,111.0,112.25,17855
ELECTHERM,2022-05-11 00:00:00+05:30,112.9,114.8,105.7,107.3,42785
ELECTHERM,2022-05-12 00:00:00+05:30,106.3,106.3,102.45,103.1,17349
ELECTHERM,2022-05-13 00:00:00+05:30,105.0,106.7,103.0,103.4,23115
ELECTHERM,2022-05-16 00:00:00+05:30,105.0,105.65,102.6,103.75,13046
ELECTHERM,2022-05-17 00:00:00+05:30,105.6,110.0,105.1,108.5,44774
ELECTHERM,2022-05-18 00:00:00+05:30,110.65,110.65,106.1,106.95,14176
ELECTHERM,2022-05-19 00:00:00+05:30,106.8,107.1,104.0,105.85,24964
ELECTHERM,2022-05-20 00:00:00+05:30,106.75,107.85,104.15,105.0,16383
ELECTHERM,2022-05-23 00:00:00+05:30,107.05,107.05,103.4,103.8,8554
ELECTHERM,2022-05-24 00:00:00+05:30,105.8,105.8,103.0,103.7,4860
ELECTHERM,2022-05-25 00:00:00+05:30,103.25,107.55,100.25,102.4,19603
ELECTHERM,2022-05-26 00:00:00+05:30,103.9,104.9,96.95,103.5,23788
ELECTHERM,2022-05-27 00:00:00+05:30,102.0,106.95,102.0,106.4,16980
ELECTHERM,2022-05-30 00:00:00+05:30,104.45,107.95,104.45,106.3,7070
ELECTHERM,2022-05-31 00:00:00+05:30,103.1,105.7,103.0,104.8,13264
ELECTHERM,2022-06-01 00:00:00+05:30,103.65,107.5,103.65,105.85,5886
ELECTHERM,2022-06-02 00:00:00+05:30,106.95,106.95,103.85,104.55,10668
ELECTHERM,2022-06-03 00:00:00+05:30,106.45,106.45,101.2,102.05,23669
ELECTHERM,2022-06-06 00:00:00+05:30,102.0,103.45,101.15,102.45,3744
ELECTHERM,2022-06-07 00:00:00+05:30,103.25,103.25,98.8,101.3,15120
ELECTHERM,2022-06-08 00:00:00+05:30,101.0,102.35,100.25,101.0,9238
ELECTHERM,2022-06-09 00:00:00+05:30,100.2,100.7,98.1,99.95,11001
ELECTHERM,2022-06-10 00:00:00+05:30,100.0,100.05,98.15,99.5,5961
ELECTHERM,2022-06-13 00:00:00+05:30,99.5,99.5,95.15,96.2,23750
ELECTHERM,2022-06-14 00:00:00+05:30,97.2,98.0,95.95,96.6,3081
ELECTHERM,2022-06-15 00:00:00+05:30,98.45,98.45,94.55,94.7,10262
ELECTHERM,2022-06-16 00:00:00+05:30,96.95,96.95,91.05,91.35,13683
ELECTHERM,2022-06-17 00:00:00+05:30,91.0,96.55,89.95,95.55,30797
ELECTHERM,2022-06-20 00:00:00+05:30,98.0,98.0,93.05,95.05,27829
ELECTHERM,2022-06-21 00:00:00+05:30,96.4,98.5,94.15,97.5,23978
ELECTHERM,2022-06-22 00:00:00+05:30,98.5,100.0,96.05,99.0,55742
ELECTHERM,2022-06-23 00:00:00+05:30,98.15,101.0,98.0,99.55,11184
ELECTHERM,2022-06-24 00:00:00+05:30,101.95,112.75,99.15,103.05,81229
ELECTHERM,2022-06-27 00:00:00+05:30,105.05,106.9,99.35,99.7,20043
ELECTHERM,2022-06-28 00:00:00+05:30,99.35,100.0,89.4,89.75,124480
ELECTHERM,2022-06-29 00:00:00+05:30,90.35,92.0,85.2,85.7,50676
ELECTHERM,2022-06-30 00:00:00+05:30,87.35,101.6,85.2,87.15,374631
ELECTHERM,2022-07-01 00:00:00+05:30,87.0,91.8,86.35,90.45,51734
ELECTHERM,2022-07-04 00:00:00+05:30,91.6,91.6,88.3,89.05,24638
ELECTHERM,2022-07-05 00:00:00+05:30,89.05,91.4,88.05,88.4,19335
ELECTHERM,2022-07-06 00:00:00+05:30,88.1,89.0,79.55,80.35,154116
ELECTHERM,2022-07-07 00:00:00+05:30,81.95,83.0,78.5,80.05,143282
ELECTHERM,2022-07-08 00:00:00+05:30,81.6,81.95,78.6,78.95,28834
ELECTHERM,2022-07-11 00:00:00+05:30,78.8,81.0,78.25,79.8,19799
ELECTHERM,2022-07-12 00:00:00+05:30,80.7,81.5,79.15,80.45,15735
ELECTHERM,2022-07-13 00:00:00+05:30,81.75,81.75,79.35,80.05,9575
ELECTHERM,2022-07-14 00:00:00+05:30,79.6,80.95,76.5,76.95,16586
ELECTHERM,2022-07-15 00:00:00+05:30,77.3,79.4,69.85,71.05,372824
ELECTHERM,2022-07-18 00:00:00+05:30,75.95,85.25,75.0,85.25,240036
ELECTHERM,2022-07-19 00:00:00+05:30,92.0,96.0,90.1,91.8,648369
ELECTHERM,2022-07-20 00:00:00+05:30,91.8,91.8,88.35,89.2,94822
ELECTHERM,2022-07-21 00:00:00+05:30,89.9,89.9,84.9,85.75,42046
ELECTHERM,2022-07-22 00:00:00+05:30,85.75,89.2,85.75,86.2,33284
ELECTHERM,2022-07-25 00:00:00+05:30,87.8,87.8,83.1,83.55,23538
ELECTHERM,2022-07-26 00:00:00+05:30,82.55,84.4,79.1,80.25,34558
ELECTHERM,2022-07-27 00:00:00+05:30,81.95,82.95,80.0,80.5,21118
ELECTHERM,2022-07-28 00:00:00+05:30,81.0,82.6,79.25,79.9,24048
ELECTHERM,2022-07-29 00:00:00+05:30,80.95,82.0,80.05,81.55,8818
ELECTHERM,2022-08-01 00:00:00+05:30,81.6,84.9,80.15,82.45,39109
ELECTHERM,2022-08-02 00:00:00+05:30,84.0,85.0,83.2,84.55,27779
ELECTHERM,2022-08-03 00:00:00+05:30,85.35,86.0,82.05,82.8,14468
ELECTHERM,2022-08-04 00:00:00+05:30,84.4,84.4,82.3,83.2,11084
ELECTHERM,2022-08-05 00:00:00+05:30,83.65,83.65,81.5,82.1,10159
ELECTHERM,2022-08-08 00:00:00+05:30,80.15,84.75,80.15,81.95,7949
ELECTHERM,2022-08-10 00:00:00+05:30,83.5,83.95,81.35,82.0,38529
ELECTHERM,2022-08-11 00:00:00+05:30,83.55,84.15,80.7,81.8,32042
ELECTHERM,2022-08-12 00:00:00+05:30,83.35,83.35,81.15,82.35,9058
ELECTHERM,2022-08-16 00:00:00+05:30,82.35,83.25,79.0,79.85,32258
ELECTHERM,2022-08-17 00:00:00+05:30,81.25,82.0,77.7,78.4,71100
ELECTHERM,2022-08-18 00:00:00+05:30,79.2,79.2,75.85,78.0,103401
ELECTHERM,2022-08-19 00:00:00+05:30,78.7,81.9,77.8,78.35,101091
ELECTHERM,2022-08-22 00:00:00+05:30,78.0,92.0,76.8,84.5,127344
ELECTHERM,2022-08-23 00:00:00+05:30,89.45,89.5,82.95,83.45,69894
ELECTHERM,2022-08-24 00:00:00+05:30,83.75,84.55,82.55,83.75,17234
ELECTHERM,2022-08-25 00:00:00+05:30,84.4,87.15,83.05,83.9,45366
ELECTHERM,2022-08-26 00:00:00+05:30,83.9,84.8,82.55,83.2,15590
ELECTHERM,2022-08-29 00:00:00+05:30,82.0,83.25,80.2,82.65,12874
ELECTHERM,2022-08-30 00:00:00+05:30,82.9,83.95,82.15,82.6,8700
ELECTHERM,2022-09-01 00:00:00+05:30,82.7,88.95,77.65,84.2,97738
ELECTHERM,2022-09-02 00:00:00+05:30,83.8,85.0,76.6,82.75,35941
ELECTHERM,2022-09-05 00:00:00+05:30,84.05,84.35,83.3,83.8,12695
ELECTHERM,2022-09-06 00:00:00+05:30,84.0,84.8,81.8,82.75,21799
ELECTHERM,2022-09-07 00:00:00+05:30,82.75,84.0,82.25,83.6,11699
ELECTHERM,2022-09-08 00:00:00+05:30,84.2,84.65,82.9,83.25,16702
ELECTHERM,2022-09-09 00:00:00+05:30,83.5,84.4,82.55,82.85,10202
ELECTHERM,2022-09-12 00:00:00+05:30,84.4,91.0,82.15,88.0,138767
ELECTHERM,2022-09-13 00:00:00+05:30,89.75,89.75,84.85,85.6,37120
ELECTHERM,2022-09-14 00:00:00+05:30,83.1,85.4,82.9,83.85,38036
ELECTHERM,2022-09-15 00:00:00+05:30,84.85,87.0,83.55,84.55,40699
ELECTHERM,2022-09-16 00:00:00+05:30,84.0,85.0,82.1,83.85,20920
ELECTHERM,2022-09-19 00:00:00+05:30,85.45,85.45,82.25,82.65,25664
ELECTHERM,2022-09-20 00:00:00+05:30,84.15,84.2,81.0,82.3,14690
ELECTHERM,2022-09-21 00:00:00+05:30,83.1,83.1,81.8,82.05,11882
ELECTHERM,2022-09-22 00:00:00+05:30,83.1,84.35,82.0,82.3,66470
ELECTHERM,2022-09-23 00:00:00+05:30,83.85,85.0,81.55,83.1,77587
ELECTHERM,2022-09-26 00:00:00+05:30,83.35,83.6,81.0,81.3,13393
ELECTHERM,2022-09-27 00:00:00+05:30,81.05,82.95,80.1,80.9,9263
ELECTHERM,2022-09-28 00:00:00+05:30,81.0,81.5,76.85,77.65,21172
ELECTHERM,2022-09-29 00:00:00+05:30,79.9,81.0,77.1,78.35,14063
ELECTHERM,2022-09-30 00:00:00+05:30,78.4,83.5,78.0,80.0,43722
ELECTHERM,2022-10-03 00:00:00+05:30,81.5,81.5,78.8,79.2,16008
ELECTHERM,2022-10-04 00:00:00+05:30,79.0,80.05,78.9,79.2,7049
ELECTHERM,2022-10-06 00:00:00+05:30,79.5,80.95,79.5,79.65,8014
ELECTHERM,2022-10-07 00:00:00+05:30,79.65,81.45,79.2,80.55,8753
ELECTHERM,2022-10-10 00:00:00+05:30,80.0,81.15,78.8,79.55,26070
ELECTHERM,2022-10-11 00:00:00+05:30,79.95,80.4,76.7,77.7,12001
ELECTHERM,2022-10-12 00:00:00+05:30,78.85,79.25,77.6,77.95,9501
ELECTHERM,2022-10-13 00:00:00+05:30,79.0,79.0,76.6,77.6,10016
ELECTHERM,2022-10-14 00:00:00+05:30,78.9,78.95,76.2,76.65,14714
ELECTHERM,2022-10-17 00:00:00+05:30,79.5,79.5,75.25,76.45,27849
ELECTHERM,2022-10-18 00:00:00+05:30,77.95,77.95,76.0,76.3,10562
ELECTHERM,2022-10-19 00:00:00+05:30,77.6,77.6,76.0,76.55,6279
ELECTHERM,2022-10-20 00:00:00+05:30,75.95,77.5,75.95,76.45,16707
ELECTHERM,2022-10-21 00:00:00+05:30,76.5,76.9,74.5,75.25,12527
ELECTHERM,2022-10-24 00:00:00+05:30,76.75,77.35,75.1,76.2,3275
ELECTHERM,2022-10-25 00:00:00+05:30,77.5,77.5,75.3,76.35,3818
ELECTHERM,2022-10-27 00:00:00+05:30,76.0,77.45,75.55,76.4,5922
ELECTHERM,2022-10-28 00:00:00+05:30,77.0,77.0,74.25,74.95,12541
ELECTHERM,2022-10-31 00:00:00+05:30,74.95,77.25,74.2,75.2,10108
ELECTHERM,2022-11-01 00:00:00+05:30,76.65,76.65,75.0,75.45,7017
ELECTHERM,2022-11-02 00:00:00+05:30,75.35,76.55,73.7,74.6,12904
ELECTHERM,2022-11-03 00:00:00+05:30,74.5,75.45,71.0,73.45,18456
ELECTHERM,2022-11-04 00:00:00+05:30,73.45,75.7,73.3,73.6,40672
ELECTHERM,2022-11-07 00:00:00+05:30,74.0,74.55,72.1,72.6,77916
ELECTHERM,2022-11-09 00:00:00+05:30,74.0,74.0,72.6,73.65,66228
ELECTHERM,2022-11-10 00:00:00+05:30,74.75,74.75,72.2,72.8,36513
ELECTHERM,2022-11-11 00:00:00+05:30,74.05,74.1,73.3,73.8,5431
ELECTHERM,2022-11-14 00:00:00+05:30,74.55,74.55,71.55,72.75,11176
ELECTHERM,2022-11-15 00:00:00+05:30,73.4,73.4,71.5,73.1,3843
ELECTHERM,2022-11-16 00:00:00+05:30,73.9,73.9,72.0,72.35,4549
ELECTHERM,2022-11-17 00:00:00+05:30,73.45,73.45,70.3,71.65,12091
ELECTHERM,2022-11-18 00:00:00+05:30,71.45,72.75,70.45,71.55,4933
ELECTHERM,2022-11-21 00:00:00+05:30,72.5,72.55,70.55,70.8,5068
ELECTHERM,2022-11-22 00:00:00+05:30,71.9,72.75,71.1,71.5,5302
ELECTHERM,2022-11-23 00:00:00+05:30,72.7,72.7,70.3,71.3,9427
ELECTHERM,2022-11-24 00:00:00+05:30,72.7,72.7,66.55,70.25,25690
ELECTHERM,2022-11-25 00:00:00+05:30,72.0,72.5,70.5,70.95,13288
ELECTHERM,2022-11-28 00:00:00+05:30,72.0,72.15,66.2,71.35,24066
ELECTHERM,2022-11-29 00:00:00+05:30,72.75,72.75,69.85,71.2,15389
ELECTHERM,2022-11-30 00:00:00+05:30,71.05,72.4,70.5,71.85,5482
ELECTHERM,2022-12-01 00:00:00+05:30,71.95,72.85,71.4,72.7,10390
ELECTHERM,2022-12-02 00:00:00+05:30,73.0,74.45,71.5,72.05,20038
ELECTHERM,2022-12-05 00:00:00+05:30,73.3,73.8,71.6,73.4,6462
ELECTHERM,2022-12-06 00:00:00+05:30,73.7,74.35,72.05,72.55,15652
ELECTHERM,2022-12-07 00:00:00+05:30,73.95,74.7,72.4,73.1,11600
ELECTHERM,2022-12-08 00:00:00+05:30,74.0,74.1,72.75,73.9,4603
ELECTHERM,2022-12-09 00:00:00+05:30,73.5,74.0,73.0,73.1,4139
ELECTHERM,2022-12-12 00:00:00+05:30,73.85,73.9,72.75,72.85,5315
ELECTHERM,2022-12-13 00:00:00+05:30,73.8,73.8,72.75,73.1,3890
ELECTHERM,2022-12-14 00:00:00+05:30,73.45,74.8,73.05,73.7,15266
ELECTHERM,2022-12-15 00:00:00+05:30,73.7,74.5,72.45,73.4,6642
ELECTHERM,2022-12-16 00:00:00+05:30,74.25,74.25,73.0,73.3,6903
ELECTHERM,2022-12-19 00:00:00+05:30,74.55,74.55,72.4,73.9,9358
ELECTHERM,2022-12-20 00:00:00+05:30,74.25,76.7,72.1,73.9,19646
ELECTHERM,2022-12-21 00:00:00+05:30,74.95,75.2,68.2,71.0,14373
ELECTHERM,2022-12-22 00:00:00+05:30,72.75,72.75,67.2,69.0,21184
ELECTHERM,2022-12-23 00:00:00+05:30,69.0,70.15,67.1,67.85,12980
ELECTHERM,2022-12-26 00:00:00+05:30,68.9,69.15,64.55,65.6,20605
ELECTHERM,2022-12-27 00:00:00+05:30,66.85,67.85,64.2,66.65,44611
ELECTHERM,2022-12-28 00:00:00+05:30,67.8,69.35,66.65,67.85,6466
ELECTHERM,2022-12-29 00:00:00+05:30,68.95,69.1,67.55,68.4,5408
ELECTHERM,2022-12-30 00:00:00+05:30,68.5,72.9,68.15,70.35,43720
ELECTHERM,2023-01-02 00:00:00+05:30,70.9,70.9,69.35,69.95,8786
ELECTHERM,2023-01-03 00:00:00+05:30,69.5,76.65,69.2,76.0,123619
ELECTHERM,2023-01-04 00:00:00+05:30,75.6,75.75,73.6,73.9,13843
ELECTHERM,2023-01-05 00:00:00+05:30,73.1,74.95,72.5,72.8,18386
ELECTHERM,2023-01-06 00:00:00+05:30,72.9,74.65,71.35,71.85,31627
ELECTHERM,2023-01-09 00:00:00+05:30,72.65,72.95,69.6,70.45,7864
ELECTHERM,2023-01-10 00:00:00+05:30,70.45,74.8,68.25,70.5,55301
ELECTHERM,2023-01-11 00:00:00+05:30,71.5,73.25,70.75,72.2,13780
ELECTHERM,2023-01-12 00:00:00+05:30,72.95,73.95,71.25,71.85,14142
ELECTHERM,2023-01-13 00:00:00+05:30,71.6,71.95,68.9,69.55,23089
ELECTHERM,2023-01-16 00:00:00+05:30,71.2,83.45,69.65,77.15,590047
ELECTHERM,2023-01-17 00:00:00+05:30,76.9,79.95,75.1,76.0,111647
ELECTHERM,2023-01-18 00:00:00+05:30,76.95,76.95,73.1,73.4,33039
ELECTHERM,2023-01-19 00:00:00+05:30,73.0,78.0,71.9,73.45,50342
ELECTHERM,2023-01-20 00:00:00+05:30,75.0,75.0,72.45,73.0,12303
ELECTHERM,2023-01-23 00:00:00+05:30,73.05,73.05,70.5,71.1,19292
ELECTHERM,2023-01-24 00:00:00+05:30,71.1,73.15,70.8,71.35,19791
ELECTHERM,2023-01-25 00:00:00+05:30,72.7,72.7,69.5,70.85,16123
ELECTHERM,2023-01-27 00:00:00+05:30,71.9,72.15,67.7,69.3,33974
ELECTHERM,2023-01-30 00:00:00+05:30,69.0,71.9,67.65,69.05,26328
ELECTHERM,2023-01-31 00:00:00+05:30,69.25,70.0,67.0,69.1,17069
ELECTHERM,2023-02-01 00:00:00+05:30,69.8,71.45,66.1,68.35,40396
ELECTHERM,2023-02-02 00:00:00+05:30,67.85,69.1,66.05,67.3,24707
ELECTHERM,2023-02-03 00:00:00+05:30,67.4,67.95,62.05,62.95,30674
ELECTHERM,2023-02-06 00:00:00+05:30,63.35,64.15,62.7,63.0,15518
ELECTHERM,2023-02-07 00:00:00+05:30,63.85,64.25,61.25,62.0,12320
ELECTHERM,2023-02-08 00:00:00+05:30,62.55,63.15,61.35,62.85,14541
ELECTHERM,2023-02-09 00:00:00+05:30,63.85,64.0,62.0,62.65,9415
ELECTHERM,2023-02-10 00:00:00+05:30,62.7,63.0,61.6,62.95,19520
ELECTHERM,2023-02-13 00:00:00+05:30,62.95,63.5,61.5,61.95,7323
ELECTHERM,2023-02-14 00:00:00+05:30,62.1,62.1,61.25,61.8,5853
ELECTHERM,2023-02-15 00:00:00+05:30,60.0,62.9,58.7,59.85,22622
ELECTHERM,2023-02-16 00:00:00+05:30,59.05,61.95,58.9,59.55,17706
ELECTHERM,2023-02-17 00:00:00+05:30,60.0,61.85,59.85,60.5,42828
ELECTHERM,2023-02-20 00:00:00+05:30,60.5,62.15,60.25,60.65,34009
ELECTHERM,2023-02-21 00:00:00+05:30,61.2,62.0,60.15,61.8,46325
ELECTHERM,2023-02-22 00:00:00+05:30,60.4,61.0,59.65,60.9,80841
ELECTHERM,2023-02-23 00:00:00+05:30,61.1,61.1,59.0,59.7,23824
ELECTHERM,2023-02-24 00:00:00+05:30,60.8,61.0,59.5,60.0,38173
ELECTHERM,2023-02-27 00:00:00+05:30,59.75,60.1,59.05,59.3,39610
ELECTHERM,2023-02-28 00:00:00+05:30,59.15,60.0,57.55,58.9,8457
ELECTHERM,2023-03-01 00:00:00+05:30,58.75,60.0,58.5,59.1,12550
ELECTHERM,2023-03-02 00:00:00+05:30,59.75,60.6,57.05,58.0,19249
ELECTHERM,2023-03-03 00:00:00+05:30,57.0,59.9,57.0,59.0,20419
ELECTHERM,2023-03-06 00:00:00+05:30,59.0,68.7,57.55,63.75,208702
ELECTHERM,2023-03-08 00:00:00+05:30,64.8,64.8,59.55,60.05,44374
ELECTHERM,2023-03-09 00:00:00+05:30,61.25,64.4,60.15,60.85,44188
ELECTHERM,2023-03-10 00:00:00+05:30,61.7,61.95,60.0,60.7,11945
ELECTHERM,2023-03-13 00:00:00+05:30,61.0,61.5,58.05,58.5,19924
ELECTHERM,2023-03-14 00:00:00+05:30,59.45,59.6,57.0,58.1,40726
ELECTHERM,2023-03-15 00:00:00+05:30,59.05,59.45,56.0,57.2,15332
ELECTHERM,2023-03-16 00:00:00+05:30,56.45,59.35,55.1,57.85,42336
ELECTHERM,2023-03-17 00:00:00+05:30,57.8,58.65,57.05,57.8,7486
ELECTHERM,2023-03-20 00:00:00+05:30,56.55,57.55,54.5,55.5,15775
ELECTHERM,2023-03-21 00:00:00+05:30,56.55,57.0,55.45,56.6,14774
ELECTHERM,2023-03-22 00:00:00+05:30,56.8,59.25,56.0,57.15,184198
ELECTHERM,2023-03-23 00:00:00+05:30,56.9,57.35,55.5,56.25,33351
ELECTHERM,2023-03-24 00:00:00+05:30,55.4,56.0,55.2,55.5,13282
ELECTHERM,2023-03-27 00:00:00+05:30,56.1,56.1,51.2,52.9,30698
ELECTHERM,2023-03-28 00:00:00+05:30,52.5,53.45,51.3,52.45,35301
ELECTHERM,2023-03-29 00:00:00+05:30,52.5,57.0,51.9,54.9,36025
ELECTHERM,2023-03-31 00:00:00+05:30,55.2,57.7,53.55,55.2,50101
ELECTHERM,2023-04-03 00:00:00+05:30,56.25,59.85,56.15,58.65,23784
ELECTHERM,2023-04-05 00:00:00+05:30,59.75,60.0,57.3,57.8,24048
ELECTHERM,2023-04-06 00:00:00+05:30,58.9,61.7,56.4,59.2,29808
ELECTHERM,2023-04-10 00:00:00+05:30,60.3,60.35,58.25,59.75,3762
ELECTHERM,2023-04-11 00:00:00+05:30,60.8,61.45,58.5,59.3,23227
ELECTHERM,2023-04-12 00:00:00+05:30,60.45,61.4,59.25,60.95,5202
ELECTHERM,2023-04-13 00:00:00+05:30,60.95,64.75,59.9,62.95,95721
ELECTHERM,2023-04-17 00:00:00+05:30,64.1,65.1,60.75,62.55,14823
ELECTHERM,2023-04-18 00:00:00+05:30,62.55,63.7,62.0,62.1,3493
ELECTHERM,2023-04-19 00:00:00+05:30,63.25,63.25,59.7,60.45,12662
ELECTHERM,2023-04-20 00:00:00+05:30,61.5,71.8,61.05,66.0,465452
ELECTHERM,2023-04-21 00:00:00+05:30,67.25,67.35,63.55,64.85,63618
ELECTHERM,2023-04-24 00:00:00+05:30,65.2,65.2,63.3,63.65,10453
ELECTHERM,2023-04-25 00:00:00+05:30,63.9,63.95,62.0,62.15,12545
ELECTHERM,2023-04-26 00:00:00+05:30,62.9,63.7,62.15,62.9,6836
ELECTHERM,2023-04-27 00:00:00+05:30,63.4,63.4,61.8,62.35,8403
ELECTHERM,2023-04-28 00:00:00+05:30,62.0,63.35,62.0,62.9,5890
ELECTHERM,2023-05-02 00:00:00+05:30,62.9,62.9,61.35,62.0,18076
ELECTHERM,2023-05-03 00:00:00+05:30,62.2,70.0,62.2,67.2,146667
ELECTHERM,2023-05-04 00:00:00+05:30,69.1,69.8,66.3,67.9,60139
ELECTHERM,2023-05-05 00:00:00+05:30,67.3,67.9,64.3,65.05,18193
ELECTHERM,2023-05-08 00:00:00+05:30,63.6,66.85,63.6,65.7,10207
ELECTHERM,2023-05-09 00:00:00+05:30,66.5,66.75,62.2,62.75,21916
ELECTHERM,2023-05-10 00:00:00+05:30,63.2,64.4,62.0,63.25,11726
ELECTHERM,2023-05-11 00:00:00+05:30,63.5,65.35,63.1,63.5,13124
ELECTHERM,2023-05-12 00:00:00+05:30,63.25,64.85,62.6,63.05,11926
ELECTHERM,2023-05-15 00:00:00+05:30,64.3,64.9,62.65,63.45,31387
ELECTHERM,2023-05-16 00:00:00+05:30,63.45,68.5,63.45,66.55,51308
ELECTHERM,2023-05-17 00:00:00+05:30,66.55,69.0,63.6,66.2,31364
ELECTHERM,2023-05-18 00:00:00+05:30,67.9,67.9,64.3,65.75,22712
ELECTHERM,2023-05-19 00:00:00+05:30,66.0,66.55,65.05,65.7,11095
ELECTHERM,2023-05-22 00:00:00+05:30,66.75,67.5,66.1,67.0,14883
ELECTHERM,2023-05-23 00:00:00+05:30,67.9,67.9,64.0,66.1,47802
ELECTHERM,2023-05-24 00:00:00+05:30,67.0,68.9,64.2,64.75,43689
ELECTHERM,2023-05-25 00:00:00+05:30,65.75,67.0,64.1,66.2,15563
ELECTHERM,2023-05-26 00:00:00+05:30,65.7,66.9,65.05,65.8,12636
ELECTHERM,2023-05-29 00:00:00+05:30,78.95,78.95,78.95,78.95,86443
ELECTHERM,2023-05-30 00:00:00+05:30,90.0,94.7,85.2,94.7,929539
ELECTHERM,2023-05-31 00:00:00+05:30,96.0,104.15,89.55,100.35,1134501
ELECTHERM,2023-06-01 00:00:00+05:30,100.35,102.8,97.05,100.35,182641
ELECTHERM,2023-06-02 00:00:00+05:30,100.9,103.6,97.1,98.2,165278
ELECTHERM,2023-06-05 00:00:00+05:30,100.0,101.0,96.0,96.5,83660
ELECTHERM,2023-06-06 00:00:00+05:30,98.9,100.35,94.8,95.45,88704
ELECTHERM,2023-06-07 00:00:00+05:30,95.45,95.45,90.7,92.0,30663
ELECTHERM,2023-06-08 00:00:00+05:30,90.1,92.8,87.4,87.5,23792
ELECTHERM,2023-06-09 00:00:00+05:30,88.8,91.0,84.55,87.9,15293
ELECTHERM,2023-06-12 00:00:00+05:30,86.0,87.6,83.5,84.6,21301
ELECTHERM,2023-06-13 00:00:00+05:30,84.95,85.65,82.6,84.85,19238
ELECTHERM,2023-06-14 00:00:00+05:30,85.3,85.9,82.5,84.15,9256
ELECTHERM,2023-06-15 00:00:00+05:30,84.15,88.35,81.0,88.35,27560
ELECTHERM,2023-06-16 00:00:00+05:30,92.75,92.75,90.65,92.75,30760
ELECTHERM,2023-06-19 00:00:00+05:30,96.35,96.35,88.15,88.85,21209
ELECTHERM,2023-06-20 00:00:00+05:30,84.4,91.4,84.4,90.0,19220
ELECTHERM,2023-06-21 00:00:00+05:30,88.0,90.5,85.55,87.1,13601
ELECTHERM,2023-06-22 00:00:00+05:30,85.7,87.0,84.1,85.0,16753
ELECTHERM,2023-06-23 00:00:00+05:30,83.4,86.95,81.0,84.7,15894
ELECTHERM,2023-06-26 00:00:00+05:30,84.45,84.45,82.2,82.8,5920
ELECTHERM,2023-06-27 00:00:00+05:30,82.55,84.75,81.35,82.95,8994
ELECTHERM,2023-06-28 00:00:00+05:30,84.65,85.7,81.6,84.75,11216
ELECTHERM,2023-06-30 00:00:00+05:30,86.8,86.8,83.25,84.5,10686
ELECTHERM,2023-07-03 00:00:00+05:30,85.9,85.9,83.0,84.05,5637
ELECTHERM,2023-07-04 00:00:00+05:30,82.55,85.9,82.55,83.3,12398
ELECTHERM,2023-07-05 00:00:00+05:30,83.4,85.8,83.0,83.25,7828
ELECTHERM,2023-07-06 00:00:00+05:30,81.9,84.35,81.9,83.45,9049
ELECTHERM,2023-07-07 00:00:00+05:30,85.4,85.4,81.5,82.4,10460
ELECTHERM,2023-07-10 00:00:00+05:30,82.1,83.9,80.0,81.55,13373
ELECTHERM,2023-07-11 00:00:00+05:30,81.75,81.75,80.0,80.15,15889
ELECTHERM,2023-07-12 00:00:00+05:30,80.5,83.3,80.15,81.25,8002
ELECTHERM,2023-07-13 00:00:00+05:30,82.8,83.0,80.1,80.1,5249
ELECTHERM,2023-07-14 00:00:00+05:30,80.1,82.75,78.2,81.15,9782
ELECTHERM,2023-07-17 00:00:00+05:30,80.0,83.5,79.95,81.05,17050
ELECTHERM,2023-07-18 00:00:00+05:30,84.0,84.0,79.2,80.0,12932
ELECTHERM,2023-07-19 00:00:00+05:30,79.2,81.8,79.2,80.5,6227
ELECTHERM,2023-07-20 00:00:00+05:30,83.15,83.15,80.2,80.55,5607
ELECTHERM,2023-07-21 00:00:00+05:30,81.65,84.55,80.55,84.55,26701
ELECTHERM,2023-07-24 00:00:00+05:30,87.0,88.75,85.0,86.6,23022
ELECTHERM,2023-07-25 00:00:00+05:30,86.7,87.85,84.0,84.85,7546
ELECTHERM,2023-07-26 00:00:00+05:30,84.85,85.5,82.85,84.35,6201
ELECTHERM,2023-07-27 00:00:00+05:30,84.0,85.8,82.3,82.6,9617
ELECTHERM,2023-07-28 00:00:00+05:30,84.8,84.9,82.6,83.55,2605
ELECTHERM,2023-07-31 00:00:00+05:30,85.8,85.8,83.0,83.5,7369
ELECTHERM,2023-08-01 00:00:00+05:30,81.5,87.0,81.5,85.15,12313
ELECTHERM,2023-08-02 00:00:00+05:30,84.55,88.8,83.2,84.55,25217
ELECTHERM,2023-08-03 00:00:00+05:30,86.7,88.75,84.5,88.75,35717
ELECTHERM,2023-08-04 00:00:00+05:30,92.3,93.15,92.3,93.15,38748
ELECTHERM,2023-08-07 00:00:00+05:30,96.7,97.8,92.5,97.8,52507
ELECTHERM,2023-08-08 00:00:00+05:30,102.65,102.65,102.65,102.65,52842
ELECTHERM,2023-08-09 00:00:00+05:30,102.8,104.7,102.8,104.7,53726
ELECTHERM,2023-08-10 00:00:00+05:30,106.75,106.75,106.75,106.75,35472
ELECTHERM,2023-08-11 00:00:00+05:30,108.85,108.85,104.8,104.8,23961
ELECTHERM,2023-08-14 00:00:00+05:30,106.85,106.85,106.85,106.85,35561
ELECTHERM,2023-08-16 00:00:00+05:30,108.95,108.95,108.95,108.95,48329
ELECTHERM,2023-08-17 00:00:00+05:30,111.1,111.1,111.1,111.1,17305
ELECTHERM,2023-08-18 00:00:00+05:30,113.3,113.3,113.3,113.3,18719
ELECTHERM,2023-08-21 00:00:00+05:30,115.55,115.55,115.5,115.55,45212
ELECTHERM,2023-08-22 00:00:00+05:30,117.85,117.85,117.85,117.85,39444
ELECTHERM,2023-08-23 00:00:00+05:30,118.0,120.2,118.0,120.2,25676
ELECTHERM,2023-08-24 00:00:00+05:30,122.6,122.6,122.6,122.6,17524
ELECTHERM,2023-08-25 00:00:00+05:30,125.0,125.05,125.0,125.05,32311
ELECTHERM,2023-08-28 00:00:00+05:30,127.55,127.55,127.55,127.55,10516
ELECTHERM,2023-08-29 00:00:00+05:30,130.1,130.1,130.1,130.1,8322
ELECTHERM,2023-08-30 00:00:00+05:30,132.7,132.7,132.7,132.7,18510
ELECTHERM,2023-08-31 00:00:00+05:30,135.35,135.35,135.35,135.35,14730
ELECTHERM,2023-09-01 00:00:00+05:30,138.05,138.05,138.05,138.05,20056
ELECTHERM,2023-09-04 00:00:00+05:30,140.8,140.8,140.8,140.8,17444
ELECTHERM,2023-09-05 00:00:00+05:30,143.6,143.6,143.6,143.6,12230
ELECTHERM,2023-09-06 00:00:00+05:30,146.45,146.45,146.45,146.45,15843
ELECTHERM,2023-09-07 00:00:00+05:30,149.35,149.35,146.45,149.35,34461
ELECTHERM,2023-09-08 00:00:00+05:30,152.3,152.3,152.3,152.3,28235
ELECTHERM,2023-09-11 00:00:00+05:30,155.3,155.3,149.3,149.3,16446
ELECTHERM,2023-09-12 00:00:00+05:30,146.35,146.35,146.35,146.35,10617
ELECTHERM,2023-09-13 00:00:00+05:30,143.45,143.45,143.45,143.45,1225
ELECTHERM,2023-09-14 00:00:00+05:30,140.6,140.6,140.6,140.6,13671
ELECTHERM,2023-09-15 00:00:00+05:30,137.8,137.8,137.8,137.8,1858
ELECTHERM,2023-09-18 00:00:00+05:30,135.05,135.05,135.05,135.05,1102
ELECTHERM,2023-09-20 00:00:00+05:30,132.35,132.35,132.35,132.35,407
ELECTHERM,2023-09-21 00:00:00+05:30,129.7,129.7,129.7,129.7,881
ELECTHERM,2023-09-22 00:00:00+05:30,127.1,127.1,127.1,127.1,569
ELECTHERM,2023-09-25 00:00:00+05:30,124.55,124.55,124.55,124.55,1963
ELECTHERM,2023-09-26 00:00:00+05:30,122.05,122.05,122.05,122.05,2593
ELECTHERM,2023-09-27 00:00:00+05:30,119.6,119.6,119.6,119.6,1260
ELECTHERM,2023-09-28 00:00:00+05:30,117.2,117.2,117.2,117.2,6302
ELECTHERM,2023-09-29 00:00:00+05:30,114.85,114.85,114.85,114.85,5334
ELECTHERM,2023-10-03 00:00:00+05:30,110.75,120.55,109.65,120.55,62001
ELECTHERM,2023-10-04 00:00:00+05:30,124.9,126.55,117.0,126.55,50272
ELECTHERM,2023-10-05 00:00:00+05:30,130.6,132.85,130.35,132.85,11440
ELECTHERM,2023-10-06 00:00:00+05:30,139.45,139.45,139.45,139.45,9878
ELECTHERM,2023-10-09 00:00:00+05:30,146.4,146.4,142.6,146.4,72478
ELECTHERM,2023-10-10 00:00:00+05:30,144.9,153.7,139.1,140.35,78073
ELECTHERM,2023-10-11 00:00:00+05:30,143.0,147.35,139.1,147.35,15311
ELECTHERM,2023-10-12 00:00:00+05:30,144.4,145.1,144.4,145.0,4626
ELECTHERM,2023-10-13 00:00:00+05:30,144.95,147.0,142.1,142.1,4519
ELECTHERM,2023-10-16 00:00:00+05:30,140.0,140.0,139.25,139.25,8537
ELECTHERM,2023-10-17 00:00:00+05:30,136.7,136.7,136.5,136.5,8006
ELECTHERM,2023-10-18 00:00:00+05:30,133.8,133.8,133.8,133.8,1909
ELECTHERM,2023-10-19 00:00:00+05:30,131.15,133.75,131.15,133.75,6836
ELECTHERM,2023-10-20 00:00:00+05:30,133.1,133.1,131.1,131.1,5252
ELECTHERM,2023-10-23 00:00:00+05:30,128.5,128.5,128.5,128.5,3237
ELECTHERM,2023-10-25 00:00:00+05:30,128.0,128.0,125.95,125.95,2037
ELECTHERM,2023-10-26 00:00:00+05:30,123.45,123.45,123.45,123.45,1658
ELECTHERM,2023-10-27 00:00:00+05:30,121.8,125.9,121.8,125.9,7527
ELECTHERM,2023-10-30 00:00:00+05:30,125.05,125.5,124.5,125.5,2572
ELECTHERM,2023-10-31 00:00:00+05:30,123.3,123.4,123.2,123.4,5664
ELECTHERM,2023-11-01 00:00:00+05:30,123.55,123.55,123.5,123.55,753
ELECTHERM,2023-11-02 00:00:00+05:30,123.95,123.95,122.0,122.0,1809
ELECTHERM,2023-11-03 00:00:00+05:30,120.0,124.4,120.0,124.4,1106
ELECTHERM,2023-11-06 00:00:00+05:30,126.85,126.85,126.85,126.85,326
ELECTHERM,2023-11-07 00:00:00+05:30,129.35,129.35,129.35,129.35,969
ELECTHERM,2023-11-08 00:00:00+05:30,131.9,131.9,131.9,131.9,676
ELECTHERM,2023-11-09 00:00:00+05:30,134.5,134.5,134.5,134.5,1194
ELECTHERM,2023-11-10 00:00:00+05:30,137.15,137.15,137.15,137.15,317
ELECTHERM,2023-11-12 00:00:00+05:30,139.85,139.85,139.85,139.85,516
ELECTHERM,2023-11-13 00:00:00+05:30,142.6,142.6,142.6,142.6,413
ELECTHERM,2023-11-15 00:00:00+05:30,145.45,145.45,145.45,145.45,720
ELECTHERM,2023-11-16 00:00:00+05:30,148.35,148.35,148.35,148.35,1110
ELECTHERM,2023-11-17 00:00:00+05:30,151.3,151.3,151.3,151.3,3606
ELECTHERM,2023-11-20 00:00:00+05:30,158.8,158.85,158.8,158.85,8665
ELECTHERM,2023-11-21 00:00:00+05:30,166.75,166.75,166.75,166.75,12970
ELECTHERM,2023-11-22 00:00:00+05:30,175.05,175.05,175.05,175.05,5559
ELECTHERM,2023-11-23 00:00:00+05:30,183.8,183.8,183.8,183.8,5567
ELECTHERM,2023-11-24 00:00:00+05:30,192.9,192.95,192.9,192.95,8360
ELECTHERM,2023-11-28 00:00:00+05:30,202.55,202.55,202.55,202.55,6242
ELECTHERM,2023-11-29 00:00:00+05:30,212.5,212.65,212.5,212.65,10397
ELECTHERM,2023-11-30 00:00:00+05:30,216.9,216.9,216.9,216.9,39821
ELECTHERM,2023-12-01 00:00:00+05:30,221.2,221.2,221.2,221.2,5678
ELECTHERM,2023-12-04 00:00:00+05:30,225.6,225.6,225.6,225.6,3547
ELECTHERM,2023-12-05 00:00:00+05:30,230.1,230.1,230.1,230.1,4985
ELECTHERM,2023-12-06 00:00:00+05:30,234.7,234.7,234.7,234.7,4090
ELECTHERM,2023-12-07 00:00:00+05:30,239.35,239.35,239.35,239.35,3047
ELECTHERM,2023-12-08 00:00:00+05:30,244.1,244.1,244.1,244.1,1769
ELECTHERM,2023-12-11 00:00:00+05:30,248.95,248.95,248.95,248.95,1883
ELECTHERM,2023-12-12 00:00:00+05:30,253.9,253.9,250.0,253.9,55824
ELECTHERM,2023-12-13 00:00:00+05:30,258.95,258.95,258.95,258.95,1783
ELECTHERM,2023-12-14 00:00:00+05:30,258.0,263.95,253.8,263.75,70827
ELECTHERM,2023-12-15 00:00:00+05:30,268.0,269.0,258.5,269.0,23840
ELECTHERM,2023-12-18 00:00:00+05:30,270.0,272.0,269.0,271.05,10967
ELECTHERM,2023-12-19 00:00:00+05:30,265.65,265.65,265.65,265.65,3083
ELECTHERM,2023-12-20 00:00:00+05:30,260.35,265.1,260.35,260.35,26645
ELECTHERM,2023-12-21 00:00:00+05:30,255.15,255.15,255.15,255.15,2714
ELECTHERM,2023-12-22 00:00:00+05:30,250.75,250.75,250.05,250.05,12360
ELECTHERM,2023-12-26 00:00:00+05:30,245.05,245.05,245.05,245.05,3793
ELECTHERM,2023-12-27 00:00:00+05:30,246.0,249.0,240.15,240.15,19207
ELECTHERM,2023-12-28 00:00:00+05:30,235.35,235.35,235.35,235.35,5943
ELECTHERM,2023-12-29 00:00:00+05:30,230.65,240.05,230.65,240.05,12053
ELECTHERM,2024-01-01 00:00:00+05:30,244.85,244.85,244.85,244.85,7163
ELECTHERM,2024-01-02 00:00:00+05:30,249.7,249.7,249.7,249.7,11485
ELECTHERM,2024-01-03 00:00:00+05:30,254.65,254.65,254.5,254.65,2257
ELECTHERM,2024-01-04 00:00:00+05:30,259.7,259.7,259.7,259.7,2555
ELECTHERM,2024-01-05 00:00:00+05:30,264.85,264.85,264.85,264.85,2541
ELECTHERM,2024-01-08 00:00:00+05:30,270.1,270.1,269.9,270.1,59563
ELECTHERM,2024-01-09 00:00:00+05:30,269.85,275.5,269.85,275.5,24510
ELECTHERM,2024-01-10 00:00:00+05:30,281.0,281.0,281.0,281.0,7022
ELECTHERM,2024-01-11 00:00:00+05:30,286.6,286.6,286.6,286.6,10396
ELECTHERM,2024-01-12 00:00:00+05:30,292.3,292.3,292.3,292.3,4484
ELECTHERM,2024-01-15 00:00:00+05:30,298.1,298.1,298.1,298.1,14391
ELECTHERM,2024-01-16 00:00:00+05:30,304.05,304.05,304.05,304.05,8139
ELECTHERM,2024-01-17 00:00:00+05:30,310.1,310.1,310.1,310.1,5630
ELECTHERM,2024-01-18 00:00:00+05:30,316.3,316.3,316.3,316.3,5564
ELECTHERM,2024-01-19 00:00:00+05:30,322.6,322.6,322.6,322.6,1967
ELECTHERM,2024-01-20 00:00:00+05:30,329.05,329.05,329.05,329.05,6466
ELECTHERM,2024-01-23 00:00:00+05:30,335.6,335.6,334.5,334.5,37280
ELECTHERM,2024-01-24 00:00:00+05:30,335.0,341.15,335.0,341.15,23755
ELECTHERM,2024-01-25 00:00:00+05:30,347.95,347.95,347.95,347.95,12792
ELECTHERM,2024-01-29 00:00:00+05:30,354.9,354.9,354.9,354.9,3979
ELECTHERM,2024-01-30 00:00:00+05:30,361.95,361.95,361.95,361.95,4182
ELECTHERM,2024-01-31 00:00:00+05:30,369.15,369.15,369.15,369.15,11021
ELECTHERM,2024-02-01 00:00:00+05:30,376.5,376.5,376.5,376.5,9679
ELECTHERM,2024-02-02 00:00:00+05:30,384.0,384.0,384.0,384.0,12270
ELECTHERM,2024-02-05 00:00:00+05:30,391.65,391.65,389.0,391.65,37145
ELECTHERM,2024-02-06 00:00:00+05:30,399.0,399.0,390.0,390.0,14717
ELECTHERM,2024-02-07 00:00:00+05:30,382.2,385.5,382.2,385.0,15634
ELECTHERM,2024-02-08 00:00:00+05:30,379.95,385.0,378.1,385.0,19599
ELECTHERM,2024-02-09 00:00:00+05:30,392.7,392.7,392.7,392.7,5001
ELECTHERM,2024-02-12 00:00:00+05:30,400.55,400.55,400.55,400.55,5518
ELECTHERM,2024-02-13 00:00:00+05:30,408.55,408.55,408.55,408.55,2756
ELECTHERM,2024-02-14 00:00:00+05:30,416.7,416.7,416.7,416.7,1993
ELECTHERM,2024-02-15 00:00:00+05:30,425.0,425.0,425.0,425.0,11419
ELECTHERM,2024-02-16 00:00:00+05:30,433.5,433.5,433.5,433.5,1826
ELECTHERM,2024-02-19 00:00:00+05:30,439.0,442.15,439.0,442.15,62988
ELECTHERM,2024-02-20 00:00:00+05:30,450.95,450.95,450.95,450.95,7155
ELECTHERM,2024-02-21 00:00:00+05:30,459.95,459.95,459.95,459.95,3108
ELECTHERM,2024-02-22 00:00:00+05:30,469.1,469.1,469.1,469.1,2115
ELECTHERM,2024-02-23 00:00:00+05:30,478.45,478.45,478.45,478.45,2892
ELECTHERM,2024-02-26 00:00:00+05:30,488.0,488.0,488.0,488.0,1258
ELECTHERM,2024-02-27 00:00:00+05:30,497.75,497.75,497.75,497.75,12826
ELECTHERM,2024-02-28 00:00:00+05:30,500.0,507.7,500.0,507.7,73339
ELECTHERM,2024-02-29 00:00:00+05:30,517.85,517.85,517.85,517.85,5943
ELECTHERM,2024-03-01 00:00:00+05:30,528.2,528.2,528.2,528.2,4990
ELECTHERM,2024-03-02 00:00:00+05:30,538.75,538.75,538.75,538.75,125
ELECTHERM,2024-03-04 00:00:00+05:30,549.5,549.5,549.5,549.5,3219
ELECTHERM,2024-03-05 00:00:00+05:30,560.45,560.45,560.45,560.45,2616
ELECTHERM,2024-03-06 00:00:00+05:30,571.65,571.65,571.65,571.65,71503
ELECTHERM,2024-03-07 00:00:00+05:30,583.05,583.05,583.05,583.05,34238
ELECTHERM,2024-03-11 00:00:00+05:30,571.4,594.7,571.4,594.7,61262
ELECTHERM,2024-03-12 00:00:00+05:30,593.0,593.0,582.8,582.8,9620
ELECTHERM,2024-03-13 00:00:00+05:30,571.15,571.15,571.15,571.15,2978
ELECTHERM,2024-03-14 00:00:00+05:30,559.75,559.75,559.75,559.75,11683
ELECTHERM,2024-03-15 00:00:00+05:30,548.55,548.55,548.55,548.55,229
ELECTHERM,2024-03-18 00:00:00+05:30,537.6,537.6,537.6,537.6,4625
ELECTHERM,2024-03-19 00:00:00+05:30,526.85,526.85,526.85,526.85,800
ELECTHERM,2024-03-20 00:00:00+05:30,516.35,516.35,516.35,516.35,910
ELECTHERM,2024-03-21 00:00:00+05:30,506.05,526.65,506.05,526.65,24116
ELECTHERM,2024-03-22 00:00:00+05:30,537.0,537.15,531.9,531.9,24925
ELECTHERM,2024-03-26 00:00:00+05:30,539.0,539.0,521.3,521.3,12864
ELECTHERM,2024-03-27 00:00:00+05:30,531.7,531.7,531.0,531.0,4313
ELECTHERM,2024-03-28 00:00:00+05:30,540.95,540.95,520.4,539.0,15029
ELECTHERM,2024-04-01 00:00:00+05:30,539.0,549.75,539.0,549.75,10693
ELECTHERM,2024-04-02 00:00:00+05:30,560.7,560.7,560.7,560.7,898
ELECTHERM,2024-04-03 00:00:00+05:30,571.9,571.9,571.9,571.9,1682
ELECTHERM,2024-04-04 00:00:00+05:30,583.3,583.3,583.3,583.3,1309
ELECTHERM,2024-04-05 00:00:00+05:30,594.95,594.95,594.95,594.95,2605
ELECTHERM,2024-04-08 00:00:00+05:30,606.8,606.8,606.8,606.8,2917
ELECTHERM,2024-04-09 00:00:00+05:30,618.9,618.9,618.9,618.9,1444
ELECTHERM,2024-04-10 00:00:00+05:30,631.25,631.25,631.25,631.25,901
ELECTHERM,2024-04-12 00:00:00+05:30,643.85,643.85,643.85,643.85,1752
ELECTHERM,2024-04-15 00:00:00+05:30,631.0,656.7,631.0,656.7,21595
ELECTHERM,2024-04-16 00:00:00+05:30,669.8,669.8,669.8,669.8,2862
ELECTHERM,2024-04-18 00:00:00+05:30,683.15,683.15,683.15,683.15,1788
ELECTHERM,2024-04-19 00:00:00+05:30,696.8,696.8,696.8,696.8,1174
ELECTHERM,2024-04-22 00:00:00+05:30,710.7,710.7,710.7,710.7,4676
ELECTHERM,2024-04-23 00:00:00+05:30,724.9,724.9,724.9,724.9,1477
ELECTHERM,2024-04-24 00:00:00+05:30,739.35,739.35,739.35,739.35,598
ELECTHERM,2024-04-25 00:00:00+05:30,754.1,754.1,754.1,754.1,622
ELECTHERM,2024-04-26 00:00:00+05:30,769.15,769.15,769.15,769.15,338
ELECTHERM,2024-04-29 00:00:00+05:30,784.5,784.5,784.5,784.5,2616
ELECTHERM,2024-04-30 00:00:00+05:30,800.15,800.15,800.15,800.15,3097
ELECTHERM,2024-05-02 00:00:00+05:30,816.15,816.15,815.0,816.15,24719
ELECTHERM,2024-05-03 00:00:00+05:30,832.45,832.45,832.45,832.45,3871
ELECTHERM,2024-05-06 00:00:00+05:30,845.0,845.0,815.8,815.8,19047
ELECTHERM,2024-05-07 00:00:00+05:30,799.5,799.5,799.5,799.5,5825
ELECTHERM,2024-05-08 00:00:00+05:30,783.55,783.55,783.55,783.55,4206
ELECTHERM,2024-05-09 00:00:00+05:30,767.9,767.9,767.9,767.9,718
ELECTHERM,2024-05-10 00:00:00+05:30,752.55,752.55,752.55,752.55,13875
ELECTHERM,2024-05-13 00:00:00+05:30,737.5,737.5,737.5,737.5,9370
ELECTHERM,2024-05-14 00:00:00+05:30,752.25,752.25,752.25,752.25,6749
ELECTHERM,2024-05-15 00:00:00+05:30,767.25,767.25,767.25,767.25,2789
ELECTHERM,2024-05-16 00:00:00+05:30,782.55,782.55,782.55,782.55,5051
ELECTHERM,2024-05-17 00:00:00+05:30,798.2,798.2,794.0,798.0,23691
ELECTHERM,2024-05-18 00:00:00+05:30,799.0,800.0,799.0,800.0,2737
ELECTHERM,2024-05-21 00:00:00+05:30,816.0,816.0,816.0,816.0,53076
ELECTHERM,2024-05-22 00:00:00+05:30,832.3,832.3,832.0,832.3,11518
ELECTHERM,2024-05-23 00:00:00+05:30,815.65,815.65,815.65,815.65,7768
ELECTHERM,2024-05-24 00:00:00+05:30,799.35,799.35,799.35,799.35,2308
ELECTHERM,2024-05-27 00:00:00+05:30,783.4,783.4,783.4,783.4,665
ELECTHERM,2024-05-28 00:00:00+05:30,767.75,767.75,767.75,767.75,568
ELECTHERM,2024-05-29 00:00:00+05:30,752.4,783.1,752.4,772.9,16587
ELECTHERM,2024-05-30 00:00:00+05:30,772.9,772.9,757.45,757.45,5118
ELECTHERM,2024-05-31 00:00:00+05:30,742.3,742.3,742.3,742.3,1577
ELECTHERM,2024-06-03 00:00:00+05:30,779.4,779.4,705.2,705.2,50930
ELECTHERM,2024-06-04 00:00:00+05:30,669.95,669.95,669.95,669.95,10104
ELECTHERM,2024-06-05 00:00:00+05:30,636.45,636.45,636.45,636.45,3357
ELECTHERM,2024-06-06 00:00:00+05:30,604.65,668.25,604.65,668.25,31352
ELECTHERM,2024-06-07 00:00:00+05:30,701.65,701.65,701.65,701.65,3564
ELECTHERM,2024-06-10 00:00:00+05:30,736.7,736.7,701.65,736.7,24978
ELECTHERM,2024-06-11 00:00:00+05:30,750.0,773.5,736.7,773.5,19946
ELECTHERM,2024-06-12 00:00:00+05:30,812.15,812.15,774.0,800.4,16761
ELECTHERM,2024-06-13 00:00:00+05:30,784.4,784.4,784.4,784.4,1731
ELECTHERM,2024-06-14 00:00:00+05:30,768.75,768.75,768.75,768.75,1920
ELECTHERM,2024-06-18 00:00:00+05:30,753.5,768.75,753.4,753.4,13208
ELECTHERM,2024-06-19 00:00:00+05:30,738.35,738.35,738.35,738.35,2735
ELECTHERM,2024-06-20 00:00:00+05:30,723.6,753.1,723.6,753.1,8901
ELECTHERM,2024-06-21 00:00:00+05:30,768.15,768.15,768.15,768.15,1925
ELECTHERM,2024-06-24 00:00:00+05:30,783.5,783.5,783.5,783.5,4942
ELECTHERM,2024-06-25 00:00:00+05:30,799.15,799.15,799.15,799.15,3994
ELECTHERM,2024-06-26 00:00:00+05:30,815.1,815.1,799.15,815.1,22909
ELECTHERM,2024-06-27 00:00:00+05:30,819.7,819.7,798.8,798.8,3661
ELECTHERM,2024-06-28 00:00:00+05:30,782.85,814.0,782.85,805.0,8409
ELECTHERM,2024-07-01 00:00:00+05:30,804.0,812.0,788.9,788.9,5062
ELECTHERM,2024-07-02 00:00:00+05:30,773.15,790.0,773.15,773.15,8143
ELECTHERM,2024-07-03 00:00:00+05:30,757.7,770.3,757.7,770.3,11207
ELECTHERM,2024-07-04 00:00:00+05:30,754.9,754.9,754.9,754.9,5673
ELECTHERM,2024-07-05 00:00:00+05:30,750.0,769.95,740.0,740.0,9867
ELECTHERM,2024-07-08 00:00:00+05:30,725.2,725.2,725.2,725.2,3176
ELECTHERM,2024-07-09 00:00:00+05:30,722.2,739.7,710.7,712.1,13368
ELECTHERM,2024-07-10 00:00:00+05:30,697.85,697.85,697.85,697.85,2104
ELECTHERM,2024-07-11 00:00:00+05:30,683.9,683.9,683.9,683.9,3308
ELECTHERM,2024-07-12 00:00:00+05:30,670.25,670.25,670.25,670.25,1775
ELECTHERM,2024-07-15 00:00:00+05:30,656.85,656.85,656.85,656.85,1328
ELECTHERM,2024-07-16 00:00:00+05:30,655.0,669.95,655.0,669.95,22263
ELECTHERM,2024-07-18 00:00:00+05:30,683.3,683.3,683.3,683.3,2846
ELECTHERM,2024-07-19 00:00:00+05:30,696.95,696.95,671.0,696.95,11701
ELECTHERM,2024-07-22 00:00:00+05:30,729.95,731.75,696.95,731.75,8410
ELECTHERM,2024-07-23 00:00:00+05:30,761.95,768.3,701.0,766.55,20724
ELECTHERM,2024-07-24 00:00:00+05:30,804.85,804.85,764.65,804.85,41861
ELECTHERM,2024-07-25 00:00:00+05:30,825.0,845.05,815.0,845.05,30779
ELECTHERM,2024-07-26 00:00:00+05:30,887.3,887.3,845.05,861.9,45685
ELECTHERM,2024-07-29 00:00:00+05:30,885.0,904.95,865.25,904.95,34903
ELECTHERM,2024-07-30 00:00:00+05:30,950.15,950.15,948.0,950.15,31494
ELECTHERM,2024-07-31 00:00:00+05:30,931.15,931.15,931.15,931.15,8027
ELECTHERM,2024-08-01 00:00:00+05:30,912.55,912.55,912.55,912.55,3203
ELECTHERM,2024-08-02 00:00:00+05:30,894.3,894.3,894.3,894.3,4939
ELECTHERM,2024-08-05 00:00:00+05:30,876.45,876.45,876.45,876.45,8078
ELECTHERM,2024-08-06 00:00:00+05:30,893.95,893.95,860.6,865.0,9691
ELECTHERM,2024-08-07 00:00:00+05:30,882.3,882.3,861.0,864.0,7067
ELECTHERM,2024-08-08 00:00:00+05:30,846.75,864.0,846.75,864.0,5776
ELECTHERM,2024-08-09 00:00:00+05:30,865.0,865.0,856.25,856.25,8112
ELECTHERM,2024-08-12 00:00:00+05:30,873.35,873.35,873.35,873.35,2292
ELECTHERM,2024-08-13 00:00:00+05:30,890.8,890.8,890.8,890.8,11659
ELECTHERM,2024-08-14 00:00:00+05:30,908.6,908.6,908.6,908.6,5740
ELECTHERM,2024-08-16 00:00:00+05:30,926.75,926.75,924.0,926.75,13628
ELECTHERM,2024-08-19 00:00:00+05:30,945.25,945.25,945.25,945.25,8610
ELECTHERM,2024-08-20 00:00:00+05:30,964.15,964.15,964.0,964.15,10667
ELECTHERM,2024-08-21 00:00:00+05:30,983.4,983.4,979.5,983.4,14739
ELECTHERM,2024-08-22 00:00:00+05:30,1003.05,1003.05,1003.0,1003.05,9626
ELECTHERM,2024-08-23 00:00:00+05:30,1018.0,1018.0,983.0,983.0,4436
ELECTHERM,2024-08-26 00:00:00+05:30,963.35,963.35,963.35,963.35,775
ELECTHERM,2024-08-27 00:00:00+05:30,944.1,980.0,944.1,980.0,11261
ELECTHERM,2024-08-28 00:00:00+05:30,999.6,999.6,996.0,996.0,17560
ELECTHERM,2024-08-29 00:00:00+05:30,996.0,1015.0,996.0,997.6,6315
ELECTHERM,2024-08-30 00:00:00+05:30,1014.9,1014.9,1000.0,1000.0,4545
ELECTHERM,2024-09-02 00:00:00+05:30,1005.0,1005.0,980.0,980.0,9191
ELECTHERM,2024-09-03 00:00:00+05:30,961.0,961.0,960.4,960.4,2603
ELECTHERM,2024-09-04 00:00:00+05:30,941.2,960.0,941.2,960.0,5789
ELECTHERM,2024-09-05 00:00:00+05:30,940.85,940.85,940.8,940.8,4264
ELECTHERM,2024-09-06 00:00:00+05:30,935.8,937.0,922.0,922.0,6795
ELECTHERM,2024-09-09 00:00:00+05:30,939.85,939.85,881.2,895.65,21378
ELECTHERM,2024-09-10 00:00:00+05:30,895.65,940.4,875.6,940.4,15180
ELECTHERM,2024-09-11 00:00:00+05:30,975.0,987.4,957.35,987.3,25681
ELECTHERM,2024-09-12 00:00:00+05:30,978.0,1008.7,954.0,987.25,23583
ELECTHERM,2024-09-13 00:00:00+05:30,1018.75,1036.6,983.1,1035.95,33375
ELECTHERM,2024-09-16 00:00:00+05:30,1087.7,1087.7,1050.0,1076.4,24530
ELECTHERM,2024-09-17 00:00:00+05:30,1076.4,1087.7,1023.0,1047.45,19229
ELECTHERM,2024-09-18 00:00:00+05:30,1026.5,1026.5,1026.5,1026.5,1096
ELECTHERM,2024-09-19 00:00:00+05:30,1006.0,1006.0,1006.0,1006.0,1349
ELECTHERM,2024-09-20 00:00:00+05:30,985.9,985.9,985.9,985.9,695
ELECTHERM,2024-09-23 00:00:00+05:30,966.2,968.0,966.2,968.0,3846
ELECTHERM,2024-09-24 00:00:00+05:30,968.0,979.0,968.0,977.0,5918
ELECTHERM,2024-09-25 00:00:00+05:30,977.0,989.9,957.5,957.5,10276
ELECTHERM,2024-09-26 00:00:00+05:30,938.4,940.0,938.4,939.0,9105
ELECTHERM,2024-09-27 00:00:00+05:30,940.0,940.1,922.0,930.0,5016
ELECTHERM,2024-09-30 00:00:00+05:30,948.6,948.6,948.6,948.6,2680
ELECTHERM,2024-10-01 00:00:00+05:30,967.55,967.55,967.55,967.55,7891
ELECTHERM,2024-10-03 00:00:00+05:30,986.9,986.9,975.0,975.0,13567
ELECTHERM,2024-10-04 00:00:00+05:30,976.0,976.2,955.5,955.5,5835
ELECTHERM,2024-10-07 00:00:00+05:30,936.4,936.4,936.4,936.4,1289
ELECTHERM,2024-10-08 00:00:00+05:30,917.7,920.0,917.7,917.7,6005
ELECTHERM,2024-10-09 00:00:00+05:30,906.0,936.05,906.0,935.0,9987
ELECTHERM,2024-10-10 00:00:00+05:30,953.7,953.7,953.7,953.7,10862
ELECTHERM,2024-10-11 00:00:00+05:30,971.6,971.6,945.0,945.0,8358
ELECTHERM,2024-10-14 00:00:00+05:30,945.05,963.9,945.05,963.9,5521
ELECTHERM,2024-10-15 00:00:00+05:30,980.0,980.0,974.0,976.0,5818
ELECTHERM,2024-10-16 00:00:00+05:30,995.5,995.5,990.0,990.0,4720
ELECTHERM,2024-10-17 00:00:00+05:30,980.0,980.0,970.2,971.0,7152
ELECTHERM,2024-10-18 00:00:00+05:30,951.6,990.4,951.6,990.4,11500
ELECTHERM,2024-10-21 00:00:00+05:30,987.85,999.75,972.0,972.0,3630
ELECTHERM,2024-10-22 00:00:00+05:30,972.0,972.0,952.6,952.6,1686
ELECTHERM,2024-10-23 00:00:00+05:30,952.6,955.0,937.1,955.0,5371
ELECTHERM,2024-10-24 00:00:00+05:30,935.9,935.9,935.9,935.9,4859
ELECTHERM,2024-10-25 00:00:00+05:30,917.2,917.2,917.2,917.2,1198
ELECTHERM,2024-10-28 00:00:00+05:30,871.55,940.0,871.35,913.4,12804
ELECTHERM,2024-10-29 00:00:00+05:30,927.95,927.95,886.0,897.85,9706
ELECTHERM,2024-10-30 00:00:00+05:30,893.0,942.7,890.0,942.1,12124
ELECTHERM,2024-10-31 00:00:00+05:30,950.0,965.0,920.0,940.85,7214
ELECTHERM,2024-11-01 00:00:00+05:30,940.85,950.0,911.0,930.95,4787
ELECTHERM,2024-11-04 00:00:00+05:30,967.7,967.7,885.0,914.15,10542
ELECTHERM,2024-11-05 00:00:00+05:30,912.85,959.5,900.0,947.05,11879
ELECTHERM,2024-11-06 00:00:00+05:30,949.95,994.4,949.0,994.4,23719
ELECTHERM,2024-11-07 00:00:00+05:30,994.7,1037.4,975.0,1018.65,14956
ELECTHERM,2024-11-08 00:00:00+05:30,1033.8,1038.8,975.0,1000.8,11974
ELECTHERM,2024-11-11 00:00:00+05:30,1020.05,1100.85,1020.0,1100.45,104868
ELECTHERM,2024-11-12 00:00:00+05:30,1136.9,1210.45,1121.0,1210.45,108419
ELECTHERM,2024-11-13 00:00:00+05:30,1210.45,1317.0,1089.4,1163.0,174428
ELECTHERM,2024-11-14 00:00:00+05:30,1110.0,1110.0,1104.85,1104.85,6215
ELECTHERM,2024-11-18 00:00:00+05:30,1049.6,1049.6,1049.6,1049.6,779
ELECTHERM,2024-11-19 00:00:00+05:30,997.15,997.15,997.15,997.15,3469
ELECTHERM,2024-11-21 00:00:00+05:30,947.3,947.3,947.3,947.3,7189
ELECTHERM,2024-11-22 00:00:00+05:30,899.95,994.65,899.95,994.65,152328
ELECTHERM,2024-11-25 00:00:00+05:30,994.0,994.0,944.95,945.15,40091
ELECTHERM,2024-11-26 00:00:00+05:30,897.9,990.0,897.9,930.6,57767
ELECTHERM,2024-11-27 00:00:00+05:30,920.0,924.0,884.1,885.0,51538
ELECTHERM,2024-11-28 00:00:00+05:30,870.7,929.25,855.5,929.25,47992
ELECTHERM,2024-11-29 00:00:00+05:30,930.0,975.7,930.0,975.7,15922
ELECTHERM,2024-12-02 00:00:00+05:30,1024.45,1024.45,991.0,1024.45,65322
ELECTHERM,2024-12-03 00:00:00+05:30,1075.65,1075.65,1060.4,1075.65,34068
ELECTHERM,2024-12-04 00:00:00+05:30,1129.4,1129.4,1120.25,1125.5,37069
ELECTHERM,2024-12-05 00:00:00+05:30,1127.0,1181.75,1100.0,1181.75,42744
ELECTHERM,2024-12-06 00:00:00+05:30,1211.3,1240.8,1205.4,1240.8,46211
ELECTHERM,2024-12-09 00:00:00+05:30,1302.8,1302.8,1302.8,1302.8,29354
ELECTHERM,2024-12-10 00:00:00+05:30,1367.9,1367.9,1367.9,1367.9,7485
ELECTHERM,2024-12-11 00:00:00+05:30,1436.25,1436.25,1310.0,1434.55,124927
ELECTHERM,2024-12-12 00:00:00+05:30,1405.0,1455.0,1362.85,1415.15,49670
ELECTHERM,2024-12-13 00:00:00+05:30,1410.0,1430.0,1345.0,1406.9,19761
ELECTHERM,2024-12-16 00:00:00+05:30,1348.0,1427.95,1342.0,1345.85,10775
ELECTHERM,2024-12-17 00:00:00+05:30,1325.1,1350.0,1282.0,1336.8,19545
ELECTHERM,2024-12-18 00:00:00+05:30,1336.8,1398.95,1311.05,1363.35,16757
ELECTHERM,2024-12-19 00:00:00+05:30,1350.0,1395.0,1314.0,1376.65,9543
ELECTHERM,2024-12-20 00:00:00+05:30,1415.0,1415.0,1307.85,1307.85,7405
ELECTHERM,2024-12-23 00:00:00+05:30,1250.6,1307.85,1250.6,1267.85,8035
ELECTHERM,2024-12-24 00:00:00+05:30,1222.0,1297.8,1222.0,1263.25,1734
ELECTHERM,2024-12-26 00:00:00+05:30,1301.0,1301.0,1263.25,1280.9,4861
ELECTHERM,2024-12-27 00:00:00+05:30,1307.0,1310.0,1216.85,1217.2,13700
ELECTHERM,2024-12-30 00:00:00+05:30,1217.2,1230.0,1156.35,1168.6,16174
ELECTHERM,2024-12-31 00:00:00+05:30,1189.0,1227.0,1183.0,1221.95,13695
ELECTHERM,2025-01-01 00:00:00+05:30,1209.0,1228.9,1179.95,1195.05,12177
ELECTHERM,2025-01-02 00:00:00+05:30,1196.0,1200.0,1135.3,1140.15,13998
ELECTHERM,2025-01-03 00:00:00+05:30,1140.15,1180.0,1085.0,1129.1,11379
ELECTHERM,2025-01-06 00:00:00+05:30,1126.95,1168.75,1075.7,1089.95,13552
ELECTHERM,2025-01-07 00:00:00+05:30,1082.6,1144.4,1080.0,1144.4,6566
ELECTHERM,2025-01-08 00:00:00+05:30,1201.6,1201.6,1201.6,1201.6,1100
ELECTHERM,2025-01-09 00:00:00+05:30,1261.65,1261.65,1261.65,1261.65,6795
ELECTHERM,2025-01-10 00:00:00+05:30,1268.0,1270.0,1198.6,1198.6,17538
ELECTHERM,2025-01-13 00:00:00+05:30,1138.7,1154.95,1138.7,1138.7,13630
ELECTHERM,2025-01-14 00:00:00+05:30,1112.0,1130.0,1081.8,1108.75,8618
ELECTHERM,2025-01-15 00:00:00+05:30,1108.7,1140.0,1082.0,1115.6,9748
ELECTHERM,2025-01-16 00:00:00+05:30,1125.0,1171.35,1124.0,1165.0,19390
ELECTHERM,2025-01-17 00:00:00+05:30,1106.75,1118.0,1106.75,1106.75,6037
ELECTHERM,2025-01-20 00:00:00+05:30,1051.45,1051.45,1051.45,1051.45,3990
ELECTHERM,2025-01-21 00:00:00+05:30,998.9,998.9,998.9,998.9,5386
ELECTHERM,2025-01-22 00:00:00+05:30,948.95,948.95,948.95,948.95,653
ELECTHERM,2025-01-23 00:00:00+05:30,901.5,901.5,901.5,901.5,5090
ELECTHERM,2025-01-24 00:00:00+05:30,875.55,946.55,856.45,941.5,104995
ELECTHERM,2025-01-27 00:00:00+05:30,894.45,894.45,894.45,894.45,4825
ELECTHERM,2025-01-28 00:00:00+05:30,849.75,849.75,849.75,849.75,1846
ELECTHERM,2025-01-29 00:00:00+05:30,815.7,849.7,807.3,807.3,50637
ELECTHERM,2025-01-30 00:00:00+05:30,780.25,799.85,766.95,766.95,20532
ELECTHERM,2025-01-31 00:00:00+05:30,728.6,805.25,728.6,805.25,60109
ELECTHERM,2025-02-01 00:00:00+05:30,818.0,833.9,765.0,788.0,25529
ELECTHERM,2025-02-03 00:00:00+05:30,756.55,780.0,751.0,751.0,9790
ELECTHERM,2025-02-04 00:00:00+05:30,713.45,758.0,713.45,738.5,29943
ELECTHERM,2025-02-05 00:00:00+05:30,744.0,775.4,725.85,767.55,25821
ELECTHERM,2025-02-06 00:00:00+05:30,779.1,779.1,740.1,743.1,18595
ELECTHERM,2025-02-07 00:00:00+05:30,756.9,756.9,705.95,706.7,12619
ELECTHERM,2025-02-10 00:00:00+05:30,704.95,734.95,692.4,708.75,12580
ELECTHERM,2025-02-11 00:00:00+05:30,732.9,744.15,673.35,744.15,33203
ELECTHERM,2025-02-12 00:00:00+05:30,781.35,781.35,710.0,781.35,47648
ELECTHERM,2025-02-13 00:00:00+05:30,814.95,819.7,781.35,783.45,30258
ELECTHERM,2025-02-14 00:00:00+05:30,795.2,795.2,744.3,749.1,11559
ELECTHERM,2025-02-17 00:00:00+05:30,715.0,759.5,711.65,714.05,17154
ELECTHERM,2025-02-18 00:00:00+05:30,712.1,725.0,679.1,693.4,51994
ELECTHERM,2025-02-19 00:00:00+05:30,690.0,728.05,690.0,728.05,37235
ELECTHERM,2025-02-20 00:00:00+05:30,740.0,764.45,740.0,764.45,6982
ELECTHERM,2025-02-21 00:00:00+05:30,802.65,802.65,775.5,801.75,14876
ELECTHERM,2025-02-24 00:00:00+05:30,813.4,813.4,761.7,794.4,15089
ELECTHERM,2025-02-25 00:00:00+05:30,790.0,834.1,785.3,829.15,20851
ELECTHERM,2025-02-27 00:00:00+05:30,856.8,856.8,787.7,787.7,5168
ELECTHERM,2025-02-28 00:00:00+05:30,771.95,771.95,771.95,771.95,274
ELECTHERM,2025-03-03 00:00:00+05:30,756.55,756.55,756.55,756.55,1545
ELECTHERM,2025-03-04 00:00:00+05:30,741.45,741.45,741.45,741.45,1680
ELECTHERM,2025-03-05 00:00:00+05:30,726.65,756.0,726.65,726.65,11833
ELECTHERM,2025-03-06 00:00:00+05:30,712.15,720.0,712.15,720.0,4081
ELECTHERM,2025-03-07 00:00:00+05:30,710.1,734.4,710.1,730.0,6019
ELECTHERM,2025-03-10 00:00:00+05:30,730.0,730.0,725.0,725.0,1310
ELECTHERM,2025-03-11 00:00:00+05:30,723.4,739.5,723.4,728.0,5199
ELECTHERM,2025-03-12 00:00:00+05:30,728.0,728.0,726.05,728.0,2596
ELECTHERM,2025-03-13 00:00:00+05:30,721.5,736.0,713.45,713.45,7505
ELECTHERM,2025-03-17 00:00:00+05:30,717.0,723.0,717.0,723.0,21595
ELECTHERM,2025-03-18 00:00:00+05:30,723.0,725.0,719.0,719.0,14131
ELECTHERM,2025-03-19 00:00:00+05:30,719.0,733.35,718.5,733.35,14108
ELECTHERM,2025-03-20 00:00:00+05:30,718.7,748.0,718.7,748.0,6057
ELECTHERM,2025-03-21 00:00:00+05:30,762.95,762.95,762.95,762.95,4744
ELECTHERM,2025-03-24 00:00:00+05:30,778.2,778.2,778.2,778.2,4097
ELECTHERM,2025-03-25 00:00:00+05:30,793.75,793.75,793.75,793.75,2519
ELECTHERM,2025-03-26 00:00:00+05:30,809.6,809.6,809.6,809.6,14763
ELECTHERM,2025-03-27 00:00:00+05:30,825.75,825.75,825.7,825.75,49506
ELECTHERM,2025-03-28 00:00:00+05:30,842.25,842.25,842.25,842.25,1956
ELECTHERM,2025-04-01 00:00:00+05:30,859.05,859.05,859.05,859.05,1101
ELECTHERM,2025-04-02 00:00:00+05:30,876.2,876.2,876.2,876.2,969
ELECTHERM,2025-04-03 00:00:00+05:30,893.7,893.7,893.7,893.7,565
ELECTHERM,2025-04-04 00:00:00+05:30,911.55,911.55,911.55,911.55,2817
ELECTHERM,2025-04-07 00:00:00+05:30,911.5,920.0,893.35,920.0,53576
ELECTHERM,2025-04-08 00:00:00+05:30,938.4,938.4,938.4,938.4,5443
ELECTHERM,2025-04-09 00:00:00+05:30,957.15,957.15,957.15,957.15,5907
ELECTHERM,2025-04-11 00:00:00+05:30,976.25,976.25,976.25,976.25,1960
ELECTHERM,2025-04-15 00:00:00+05:30,995.75,995.75,995.75,995.75,2899
ELECTHERM,2025-04-16 00:00:00+05:30,1015.65,1015.65,1015.65,1015.65,581
ELECTHERM,2025-04-17 00:00:00+05:30,1035.95,1035.95,1035.95,1035.95,2019
ELECTHERM,2025-04-21 00:00:00+05:30,1056.65,1056.65,1056.65,1056.65,2890
ELECTHERM,2025-04-22 00:00:00+05:30,1077.75,1077.75,1077.75,1077.75,3041
ELECTHERM,2025-04-23 00:00:00+05:30,1099.3,1099.3,1099.3,1099.3,4974
ELECTHERM,2025-04-24 00:00:00+05:30,1121.25,1121.25,1121.25,1121.25,1530
ELECTHERM,2025-04-25 00:00:00+05:30,1143.65,1143.65,1102.0,1143.65,88857
ELECTHERM,2025-04-26 00:00:00+05:30,1120.8,1120.8,1120.8,1120.8,0
ELECTHERM,2025-04-28 00:00:00+05:30,1166.5,1166.5,1159.8,1166.5,35346
ELECTHERM,2025-04-29 00:00:00+05:30,1189.8,1189.8,1189.8,1189.8,3572
ELECTHERM,2025-04-30 00:00:00+05:30,1213.55,1213.55,1213.55,1213.55,45975
ELECTHERM,2025-05-02 00:00:00+05:30,1234.0,1234.0,1189.4,1189.4,36425
ELECTHERM,2025-05-05 00:00:00+05:30,1165.7,1165.7,1165.7,1165.7,4033
ELECTHERM,2025-05-06 00:00:00+05:30,1161.1,1189.0,1142.4,1142.4,36891
ELECTHERM,2025-05-07 00:00:00+05:30,1119.6,1140.0,1119.6,1119.6,6587
ELECTHERM,2025-05-08 00:00:00+05:30,1140.7,1140.7,1097.2,1097.2,2185
ELECTHERM,2025-05-09 00:00:00+05:30,1075.3,1075.3,1075.3,1075.3,582
ELECTHERM,2025-05-12 00:00:00+05:30,1096.8,1096.8,1053.8,1056.0,25076
ELECTHERM,2025-05-13 00:00:00+05:30,1065.0,1077.1,1065.0,1077.1,12819
ELECTHERM,2025-05-14 00:00:00+05:30,1098.6,1098.6,1098.6,1098.6,7931
ELECTHERM,2025-05-15 00:00:00+05:30,1120.5,1120.5,1120.5,1120.5,20030
ELECTHERM,2025-05-16 00:00:00+05:30,1098.1,1142.9,1098.1,1142.9,7887
ELECTHERM,2025-05-19 00:00:00+05:30,1165.7,1165.7,1165.7,1165.7,3061
ELECTHERM,2025-05-20 00:00:00+05:30,1189.0,1189.0,1189.0,1189.0,1426
ELECTHERM,2025-05-21 00:00:00+05:30,1165.3,1165.3,1165.3,1165.3,53605
ELECTHERM,2025-05-22 00:00:00+05:30,1142.0,1142.0,1142.0,1142.0,1119
ELECTHERM,2025-05-23 00:00:00+05:30,1119.2,1119.2,1119.2,1119.2,905
ELECTHERM,2025-05-26 00:00:00+05:30,1175.1,1175.1,1063.3,1063.3,32266
ELECTHERM,2025-05-27 00:00:00+05:30,1010.2,1099.0,1010.2,1068.3,40402
ELECTHERM,2025-05-28 00:00:00+05:30,1060.9,1068.0,1030.0,1052.5,18226
ELECTHERM,2025-05-29 00:00:00+05:30,1070.0,1070.0,1030.1,1033.2,6465
ELECTHERM,2025-05-30 00:00:00+05:30,1060.0,1060.0,1011.0,1047.3,9560
ELECTHERM,2025-06-02 00:00:00+05:30,1080.0,1080.0,1020.0,1027.9,6579
ELECTHERM,2025-06-03 00:00:00+05:30,1047.5,1049.0,980.1,1006.5,5018
ELECTHERM,2025-06-04 00:00:00+05:30,1030.9,1030.9,980.0,995.7,3748
ELECTHERM,2025-06-05 00:00:00+05:30,1015.0,1040.0,981.6,1019.2,6575
ELECTHERM,2025-06-06 00:00:00+05:30,1039.5,1040.0,1005.5,1035.1,37955
ELECTHERM,2025-06-09 00:00:00+05:30,1044.7,1064.0,1021.8,1052.3,8501
ELECTHERM,2025-06-10 00:00:00+05:30,1052.3,1104.9,1052.3,1104.9,33900
ELECTHERM,2025-06-11 00:00:00+05:30,1160.1,1160.1,1160.1,1160.1,10242
ELECTHERM,2025-06-12 00:00:00+05:30,1218.1,1218.1,1218.1,1218.1,7876
ELECTHERM,2025-06-13 00:00:00+05:30,1260.0,1274.8,1165.1,1206.5,82849
ELECTHERM,2025-06-16 00:00:00+05:30,1160.0,1200.0,1160.0,1179.8,12188
ELECTHERM,2025-06-17 00:00:00+05:30,1190.0,1217.9,1172.0,1176.1,12635
ELECTHERM,2025-06-18 00:00:00+05:30,1176.1,1208.9,1175.0,1175.9,14456
ELECTHERM,2025-06-19 00:00:00+05:30,1160.0,1165.3,1140.0,1150.1,38324
ELECTHERM,2025-06-20 00:00:00+05:30,1140.0,1207.6,1140.0,1205.7,25355
ELECTHERM,2025-06-23 00:00:00+05:30,1172.0,1246.8,1172.0,1219.5,21010
ELECTHERM,2025-06-24 00:00:00+05:30,1202.0,1280.4,1202.0,1250.8,69794
ELECTHERM,2025-06-25 00:00:00+05:30,1251.0,1280.0,1234.1,1247.7,12965
ELECTHERM,2025-06-26 00:00:00+05:30,1247.6,1270.0,1224.0,1258.2,17501
ELECTHERM,2025-06-27 00:00:00+05:30,1246.0,1261.9,1195.3,1202.1,22894
ELECTHERM,2025-06-30 00:00:00+05:30,1203.0,1217.5,1142.0,1172.7,19495
ELECTHERM,2025-07-01 00:00:00+05:30,1165.7,1193.5,1158.0,1166.1,6188
ELECTHERM,2025-07-02 00:00:00+05:30,1152.6,1171.4,1122.0,1132.8,5160
ELECTHERM,2025-07-03 00:00:00+05:30,1132.9,1145.0,1092.9,1094.3,11468
ELECTHERM,2025-07-04 00:00:00+05:30,1099.0,1106.7,1067.0,1075.2,14576
ELECTHERM,2025-07-07 00:00:00+05:30,1075.2,1099.0,1060.0,1084.5,7707
ELECTHERM,2025-07-08 00:00:00+05:30,1084.5,1119.1,1079.0,1100.2,7285
ELECTHERM,2025-07-09 00:00:00+05:30,1105.0,1125.0,1099.0,1099.9,6243
ELECTHERM,2025-07-10 00:00:00+05:30,1095.9,1126.4,1095.3,1105.3,6385
ELECTHERM,2025-07-11 00:00:00+05:30,1113.9,1130.7,1086.0,1099.1,38485
ELECTHERM,2025-07-14 00:00:00+05:30,1104.0,1107.1,1060.0,1066.6,6449
ELECTHERM,2025-07-15 00:00:00+05:30,1077.7,1083.0,1066.9,1072.4,2937
ELECTHERM,2025-07-16 00:00:00+05:30,1075.0,1081.2,1064.0,1065.6,2953
ELECTHERM,2025-07-17 00:00:00+05:30,1064.0,1118.8,1064.0,1118.8,3707
ELECTHERM,2025-07-18 00:00:00+05:30,1174.7,1174.7,1174.7,1174.7,6456
ELECTHERM,2025-07-21 00:00:00+05:30,1233.4,1233.4,1121.1,1131.1,42134
ELECTHERM,2025-07-22 00:00:00+05:30,1131.1,1143.9,1076.0,1084.4,11847
ELECTHERM,2025-07-23 00:00:00+05:30,1065.0,1125.0,1059.9,1065.0,13211
ELECTHERM,2025-07-24 00:00:00+05:30,1077.0,1077.9,1022.2,1030.2,16796
ELECTHERM,2025-07-25 00:00:00+05:30,1033.2,1048.8,991.0,1023.0,9522
ELECTHERM,2025-07-28 00:00:00+05:30,1023.0,1074.1,1011.6,1071.0,16712
ELECTHERM,2025-07-29 00:00:00+05:30,1066.1,1087.9,1017.5,1056.2,25152
ELECTHERM,2025-07-30 00:00:00+05:30,1003.4,1003.4,1003.4,1003.4,4442
ELECTHERM,2025-07-31 00:00:00+05:30,953.3,953.3,953.3,953.3,1692
ELECTHERM,2025-08-01 00:00:00+05:30,905.65,949.75,905.65,905.65,84560
ELECTHERM,2025-08-04 00:00:00+05:30,878.05,897.9,860.4,860.4,61531
ELECTHERM,2025-08-05 00:00:00+05:30,857.0,883.8,830.0,837.5,33293
ELECTHERM,2025-08-06 00:00:00+05:30,820.05,844.85,800.0,805.25,24562
ELECTHERM,2025-08-07 00:00:00+05:30,810.0,826.7,765.0,777.65,52859
ELECTHERM,2025-08-08 00:00:00+05:30,775.85,806.0,766.05,793.7,24809
ELECTHERM,2025-08-11 00:00:00+05:30,827.0,827.0,776.0,796.05,39577
ELECTHERM,2025-08-12 00:00:00+05:30,819.0,820.0,766.6,800.75,59788
ELECTHERM,2025-08-13 00:00:00+05:30,785.0,830.0,783.4,805.8,26844
ELECTHERM,2025-08-14 00:00:00+05:30,808.5,809.6,785.0,796.95,10569
ELECTHERM,2025-08-18 00:00:00+05:30,814.0,814.0,774.95,789.4,22810
ELECTHERM,2025-08-19 00:00:00+05:30,790.85,793.15,770.95,777.2,9194
ELECTHERM,2025-08-20 00:00:00+05:30,782.05,784.85,745.95,754.85,36392
ELECTHERM,2025-08-21 00:00:00+05:30,755.1,766.05,739.95,745.55,42195
ELECTHERM,2025-08-22 00:00:00+05:30,749.25,782.8,743.8,781.65,31485
ELECTHERM,2025-08-25 00:00:00+05:30,776.0,820.7,771.95,820.7,22626
ELECTHERM,2025-08-26 00:00:00+05:30,861.7,861.7,831.2,861.7,27777
ELECTHERM,2025-08-28 00:00:00+05:30,860.9,904.75,834.5,876.15,45478
ELECTHERM,2025-08-29 00:00:00+05:30,883.55,898.8,835.55,850.9,23516
ELECTHERM,2025-09-01 00:00:00+05:30,857.95,862.0,831.0,835.05,11114
ELECTHERM,2025-09-02 00:00:00+05:30,836.0,850.7,801.2,814.3,18258
ELECTHERM,2025-09-03 00:00:00+05:30,815.2,838.95,810.9,817.55,11934
ELECTHERM,2025-09-04 00:00:00+05:30,829.0,855.0,815.9,828.7,16454
ELECTHERM,2025-09-05 00:00:00+05:30,826.45,870.1,825.85,870.1,39752
ELECTHERM,2025-09-08 00:00:00+05:30,913.6,913.6,887.5,913.6,29600
ELECTHERM,2025-09-09 00:00:00+05:30,954.0,959.25,897.2,959.25,43403
ELECTHERM,2025-09-10 00:00:00+05:30,986.0,1007.2,981.65,1007.2,12364
ELECTHERM,2025-09-11 00:00:00+05:30,1057.55,1057.55,1057.55,1057.55,8970
ELECTHERM,2025-09-12 00:00:00+05:30,1110.4,1110.4,1024.1,1034.35,183645
ELECTHERM,2025-09-15 00:00:00+05:30,1033.95,1033.95,982.65,982.65,48339
ELECTHERM,2025-09-16 00:00:00+05:30,975.0,1009.95,960.05,988.85,28209
ELECTHERM,2025-09-17 00:00:00+05:30,993.0,1033.0,992.9,1025.25,16107
ELECTHERM,2025-09-18 00:00:00+05:30,1036.0,1076.1,1012.0,1058.2,38970
ELECTHERM,2025-09-19 00:00:00+05:30,1067.2,1098.9,1023.05,1082.25,26243
ELECTHERM,2025-09-22 00:00:00+05:30,1098.9,1132.25,1031.0,1066.35,31529
ELECTHERM,2025-09-23 00:00:00+05:30,1071.95,1119.0,1048.05,1105.15,22703
ELECTHERM,2025-09-24 00:00:00+05:30,1117.6,1122.0,1081.05,1089.5,10438
ELECTHERM,2025-09-25 00:00:00+05:30,1089.0,1096.55,1042.0,1052.9,8226
ELECTHERM,2025-09-26 00:00:00+05:30,1047.15,1066.7,1019.3,1025.45,19657
ELECTHERM,2025-09-29 00:00:00+05:30,1045.3,1064.4,1007.05,1016.5,12651
ELECTHERM,2025-09-30 00:00:00+05:30,1016.7,1034.55,981.5,989.05,6764
ELECTHERM,2025-10-01 00:00:00+05:30,1010.0,1038.5,989.3,1038.5,10016
ELECTHERM,2025-10-03 00:00:00+05:30,1068.0,1090.4,1035.0,1090.4,19638
ELECTHERM,2025-10-06 00:00:00+05:30,1069.95,1144.8,1059.95,1130.15,24916
ELECTHERM,2025-10-07 00:00:00+05:30,1130.15,1186.25,1091.1,1098.9,55482
ELECTHERM,2025-10-08 00:00:00+05:30,1080.0,1125.0,1042.75,1110.35,52108
ELECTHERM,2025-10-09 00:00:00+05:30,1104.9,1148.0,1075.25,1135.65,30227
ELECTHERM,2025-10-10 00:00:00+05:30,1135.65,1182.05,1100.0,1161.25,30322
ELECTHERM,2025-10-13 00:00:00+05:30,1161.25,1180.0,1123.15,1129.35,23511
ELECTHERM,2025-10-14 00:00:00+05:30,1157.95,1157.95,1130.0,1153.15,18445
ELECTHERM,2025-10-15 00:00:00+05:30,1147.0,1148.0,1105.0,1112.3,14998
ELECTHERM,2025-10-16 00:00:00+05:30,1112.3,1124.0,1062.65,1088.55,15760
ELECTHERM,2025-10-17 00:00:00+05:30,1088.55,1095.35,972.0,996.3,32553
ELECTHERM,2025-10-20 00:00:00+05:30,996.0,1029.0,973.25,1013.8,14983
ELECTHERM,2025-10-21 00:00:00+05:30,1020.0,1046.9,1019.95,1040.4,1481
ELECTHERM,2025-10-23 00:00:00+05:30,1020.0,1033.25,1001.0,1006.15,12166
ELECTHERM,2025-10-24 00:00:00+05:30,1013.7,1028.7,996.4,1020.05,6274
ELECTHERM,2025-10-27 00:00:00+05:30,1027.8,1027.8,969.85,976.35,13086
ELECTHERM,2025-10-28 00:00:00+05:30,988.6,999.0,980.15,984.75,5642
ELECTHERM,2025-10-29 00:00:00+05:30,992.2,1010.4,977.4,1004.75,9097
ELECTHERM,2025-10-30 00:00:00+05:30,1009.05,1016.9,995.75,1001.0,8968
ELECTHERM,2025-10-31 00:00:00+05:30,995.0,999.5,980.0,980.4,6987
ELECTHERM,2025-11-03 00:00:00+05:30,957.2,985.0,952.55,975.9,9840
ELECTHERM,2025-11-04 00:00:00+05:30,985.65,1040.0,969.25,1034.9,20375
ELECTHERM,2025-11-06 00:00:00+05:30,1049.8,1049.95,1006.0,1018.5,7212
ELECTHERM,2025-11-07 00:00:00+05:30,1001.9,1020.7,980.0,984.35,8794
ELECTHERM,2025-11-10 00:00:00+05:30,1019.0,1019.0,930.0,938.45,17092
ELECTHERM,2025-11-11 00:00:00+05:30,851.05,955.0,803.05,909.55,244495
ELECTHERM,2025-11-12 00:00:00+05:30,912.0,924.85,878.6,907.0,23722
ELECTHERM,2025-11-13 00:00:00+05:30,913.0,938.05,901.0,904.3,18668
ELECTHERM,2025-11-14 00:00:00+05:30,904.0,914.3,872.05,898.55,16963
ELECTHERM,2025-11-17 00:00:00+05:30,920.0,920.0,880.5,885.35,17724
ELECTHERM,2025-11-18 00:00:00+05:30,892.25,892.25,876.0,876.65,6989
ELECTHERM,2025-11-19 00:00:00+05:30,879.7,893.55,847.0,857.2,12918
ELECTHERM,2025-11-20 00:00:00+05:30,863.65,909.5,850.0,886.5,31436
ELECTHERM,2025-11-21 00:00:00+05:30,899.8,911.2,865.05,887.75,10732
ELECTHERM,2025-11-24 00:00:00+05:30,896.0,896.95,850.0,854.2,16581
ELECTHERM,2025-11-25 00:00:00+05:30,858.4,858.45,831.0,842.65,11692
ELECTHERM,2025-11-26 00:00:00+05:30,849.15,878.9,849.15,872.5,9942
ELECTHERM,2025-11-27 00:00:00+05:30,855.0,877.4,847.45,851.2,8362
ELECTHERM,2025-11-28 00:00:00+05:30,888.95,888.95,816.1,850.15,15589
ELECTHERM,2025-12-01 00:00:00+05:30,854.45,862.4,843.7,850.1,13314
